233.83 114.983 330.966 160.051 154.418 167.224 244.746 149.024 214.913 221.897 159.393 164.804 215.028 153.434 168.82 182.337 364.26 257.133 281.268 322.894 85.4589 166.138 194.369 188.235 248.859 321.426 223.878 297.258 209.584 166.476 265.534 203.65 185.791 223.524 219.621 106.591 117.995 257.086 337.147 85.3101 170.027 207.283 153.507 99.2648 252.355 226.869 94.2291 159.423 214.604 209.732 105.663 
202.149 114.983 204.006 106.352 154.418 102.384 189.338 96.6309 89.0917 159.97 149.978 88.7426 60.3879 66.7464 134.283 150.891 198.108 105.206 142.865 139.265 52.5664 98.1091 146.062 177.34 214.943 160.862 82.7538 120.976 182.723 166.476 216.284 178.222 54.7406 180.452 157.53 87.1016 88.6742 132.764 139.592 85.3101 53.7391 145.801 89.4403 99.2648 252.355 57.2202 94.2291 114.495 208.049 182.834 105.663 
143.978 91.5465 159.344 106.352 89.2429 69.9726 189.338 52.9931 89.0917 83.8331 138.477 48.9667 60.3879 66.7464 134.283 68.3159 72.6585 64.606 142.865 49.3648 52.5664 41.3924 146.062 81.5011 177.159 121.534 75.5959 74.7479 56.3361 107.806 145.418 148.401 54.7406 158.928 157.53 87.1016 88.6742 112.459 80.9216 85.3101 38.8056 127.514 89.4403 78.037 92.8127 57.2202 94.2291 110.643 60.0194 80.5902 105.663 
64.2513 91.5465 90.0004 50.3073 67.4577 42.7193 81.4141 52.9931 45.2976 73.172 61.1091 48.0178 48.0201 66.7464 70.1461 55.2453 69.4741 60.9556 34.87 49.3648 52.5664 41.3924 56.042 62.373 111.121 66.6044 48.3489 74.7479 56.3361 71.237 52.6215 68.9508 54.7406 68.1669 65.2421 81.6182 56.8648 52.3812 76.9302 66.6689 38.8056 86.4891 54.6597 78.037 92.8127 57.2202 63.8029 66.1178 60.0194 80.5902 60.4109 
45.8023 45.7839 47.8477 40.2995 43.8123 42.7193 43.8396 43.6836 43.3622 55.93 49.7345 32.5307 48.0201 42.0415 43.147 40.4997 36.4629 37.181 34.87 43.0453 36.8994 36.4513 37.6392 31.7242 56.5262 54.484 37.8364 54.1559 35.4189 51.5622 52.6215 54.0465 37.9737 65.4586 36.9103 46.0454 49.3533 34.8565 35.7605 39.2928 34.9814 44.0727 44.3575 46.305 44.3156 40.0613 42.7748 39.1023 50.1166 37.1745 45.446 
32.9909 26.0807 30.1778 28.6648 30.1611 25.4422 26.6449 27.2635 28.7686 25.2957 33.9935 29.6114 28.6608 28.3979 25.3644 29.8965 26.0397 26.5077 28.6939 30.0288 30.1587 25.6312 27.9137 21.3914 30.0141 28.5525 29.1771 29.0565 27.2074 33.5713 31.0693 30.2477 31.588 28.1905 25.751 27.4201 25.533 28.203 25.665 30.8892 26.6522 25.0488 30.3325 29.6311 31.7241 27.5048 28.4332 24.8051 25.7772 28.3577 28.7916 
22.3154 24.5564 25.1767 23.1635 26.8602 24.5764 25.3409 22.3402 22.608 25.2957 26.6824 19.4862 24.7947 25.5828 23.0835 24.2419 21.2307 23.2265 24.1088 25.2609 24.5176 18.3103 21.3697 21.3914 25.5902 25.2554 25.0121 25.0117 24.7345 20.8571 17.7379 22.966 11.9499 24.6978 24.1864 23.74 24.216 22.9088 20.7719 22.5522 24.4764 23.8831 24.3348 25.0912 25.5832 25.2852 24.8085 18.5509 20.011 20.0013 24.8132 
16.5619 20.8433 23.8047 12.6778 23.3095 17.2227 23.0725 14.4129 17.3366 23.3345 17.4987 17.6075 21.7563 24.3993 19.838 15.8087 13.3529 10.515 20.0812 10.3575 23.2465 18.3103 21.3697 16.29 22.1302 15.2009 17.5773 16.1098 22.1907 16.8074 11.6407 12.3279 6.35436 22.9803 20.5383 16.4188 13.5973 10.6614 8.43137 20.0381 23.1309 14.4552 15.5941 19.7503 22.6037 22.0017 22.1269 14.7725 10.2907 13.1214 21.4625 
8.67722 8.75616 22.1624 6.4128 21.8939 8.25842 18.8733 6.01727 9.72411 19.4242 8.71506 8.59385 17.695 12.421 7.76425 5.74822 5.69973 4.25407 10.0539 7.62126 22.3693 14.269 8.99637 5.55818 8.60814 7.08981 12.0725 7.18093 8.42869 5.15841 4.21158 6.37636 4.20242 11.5935 8.22028 6.05825 6.89261 4.06298 4.45403 9.95205 9.03936 6.74225 6.29992 7.47536 10.5428 10.9139 12.3997 6.53182 4.3283 5.29708 7.43212 
2.44979 2.22621 13.7326 1.33411 6.11835 1.69605 6.12937 1.4374 3.77467 4.56271 2.24115 1.98265 7.19433 5.08955 2.88101 2.83381 1.62398 1.12117 2.67907 2.54685 21.3252 4.49975 1.92149 1.39349 2.21075 2.48008 3.85854 2.42125 2.13958 3.96598 1.53741 1.45871 0.902731 5.9486 2.50435 2.68191 1.35666 1.84167 1.73041 2.62772 2.4593 1.08766 2.0398 2.01809 4.61373 3.34914 4.04389 2.19417 1.17809 1.64752 2.29604 
0.602066 0.849331 12.7824 0.308825 1.72607 0.585923 1.71718 0.563203 0.902537 0.644002 0.446578 0.686963 1.67413 0.866791 0.688104 0.591492 0.652485 0.422525 0.732761 0.91571 20.6714 1.12943 0.536563 0.572223 0.700262 0.392786 1.01851 0.60172 0.810928 0.944366 0.721955 0.702077 0.360411 1.88085 0.448273 0.557975 0.424218 0.751931 0.358371 0.633625 0.496305 0.416507 0.595579 0.385381 0.993822 0.618438 0.537091 0.355408 0.660961 0.71853 0.728579 
0.205241 0.367981 4.584 0.248484 0.642551 0.232425 0.211145 0.127089 0.287468 0.42034 0.247987 0.187562 0.267029 0.158876 0.121592 0.113626 0.318909 0.310702 0.199583 0.427504 20.2894 0.219853 0.230122 0.12449 0.230835 0.172513 0.345831 0.307489 0.229822 0.481345 0.500324 0.320214 0.177054 0.321908 0.296108 0.302666 0.215497 0.225902 0.168888 0.262241 0.304842 0.188216 0.267951 0.167572 0.319755 0.255865 0.186962 0.144244 0.484251 0.265426 0.210128 
0.00365629 0.0162391 0.0485918 0.0163702 0.180373 0.0234656 0.0264832 0.0126433 0.0689562 0.166846 0.0529924 0.0200571 0.0255524 0.00107442 0.021387 0.00270505 0.0325463 0.0342372 0.0115403 0.0399037 20.0043 0.0362887 0.0116114 0.029011 0.0167954 0.028595 0.0699216 0.0245073 0.0230214 0.104143 0.335606 0.138024 0.0437061 0.0564671 0.0156764 0.00192775 0.122152 0.026716 0.00494644 0.0899129 0.0247873 0.0477099 0.00437867 0.0163512 0.028731 0.0588132 0.0274007 0.054817 0.466202 0.0216818 0.0228823 
0.00207896 0.014353 0.0228483 0.0163677 0.116863 0.0232602 0.0255566 0.0121837 0.0689562 0.166846 0.0529567 0.0200569 0.0170497 0.000141201 0.0213195 0.0026785 0.0297894 0.0297265 0.00710366 0.02236 20.0043 0.0360598 0.0113955 0.0289268 0.00579821 0.0268013 0.0376476 0.020976 0.00641551 0.104143 0.332091 0.13614 0.0229819 0.0350629 0.0132835 0.00160164 0.122152 0.0251118 9.79613e-07 0.00999684 0.0247769 0.0251959 0.00385086 0.0158289 0.0286709 0.0224529 0.0218621 0.0215469 0.466202 0.0204036 0.0227811 
