3241.09 3242.43 3180.88 3313.12 2953.75 3565.81 3813.1 3970.2 3728.3 3013.07 3366.38 2582.72 3026.25 3505.67 3223.52 2465.43 2679.96 3510.94 3252.08 3781.12 3616.44 3327.06 3339.65 3364.13 3329.58 2815.62 3725.24 3634.97 3443.6 2248.91 3378.71 3274.2 3343.78 3329.6 3798.21 3311.27 2703.3 3325.96 2646.19 3347.35 3481.3 3321.06 3375.35 2935.35 3323.24 2351.81 3406.2 2740.06 2956.81 2930.08 3699.66 
2312.96 2099.34 2200.84 2371.33 2421.72 2461.5 2508.34 2391.65 2227.85 2457.36 1929.94 2455.18 1798.51 2692.2 2337.35 2390.29 2232.35 2374.23 2403.23 2397.81 2480.79 2348.51 2212.82 1997.08 2365.8 2370.01 2721 2610 2079.59 2248.91 2366.31 2454.18 2221.59 2504.62 2539.68 2364.32 2454.58 2255.2 2402.45 2325.64 2455.16 2305.89 2303.99 2486.99 2335.5 1921.98 2384.5 2397.25 2418.51 2198.39 2476.55 
1917.37 1930.75 1740.36 2371.33 2208.62 1814.85 1854.27 2066.87 2227.85 2245.27 1929.94 2209.03 1798.51 2217.74 1955.25 2100.47 1971.73 2015.26 2107.42 2135.9 2126.03 2214.01 2146.98 1997.08 2202.44 2001.06 1630.86 2137.66 2046.77 1967.4 2362.18 1865.7 2221.59 1977.49 1984.93 2140.43 2065.57 2255.2 2249.51 2218.26 2251.83 1967.01 2200.61 1957.71 2162.15 1864.22 1707.85 2219.04 2316.19 2198.39 2216.49 
1628.18 1930.75 1740.36 1803.32 1943.76 1814.85 1854.27 1986.6 2008.42 1922.42 1929.94 1985.77 1798.51 1925.17 1741.49 1909.43 1927.15 1745.55 1885.39 1931.87 1845.57 1802.43 1818.17 1952.52 1783.37 1679.38 1630.86 1714.08 1790.78 1769.36 2031.75 1865.7 2026.46 1658.61 1984.93 1786.04 1808.62 1902.2 1694.41 2062.23 1631.95 1967.01 1799.6 1913.52 1839.7 1864.22 1707.85 1926.18 1947.47 1598.72 2076.52 
1373.93 1716.82 1740.36 1803.32 1656.95 1701.37 1854.27 1584.52 1731.9 1515.99 1841.8 1866.12 1535.45 1885.92 1692.23 1665.5 1740.06 1651.66 1802.45 1542.02 1845.57 1267.34 1642.08 1789.31 1745.94 1679.38 1630.86 1613.6 1790.78 1712.48 1407.7 1865.7 1834.98 1658.61 1741.01 1670.71 1697.88 1557.09 1311.28 1492.61 1631.95 1558.71 1611.55 1376.3 1839.7 1706.77 1707.85 1648.77 1830.56 1598.72 1668.11 
1373.93 1596.34 1564.1 1386.7 1562.14 1319.24 1412.37 1461.32 1412.3 1515.99 1545.36 1558.98 1351.73 1644.77 1538.78 1129.85 1253.78 1335.5 1398.44 1504.83 1604.3 1267.34 1318.61 1489.9 1620.02 1548.75 1247.72 1572.86 1533.41 1611.55 1407.7 1526.09 1503.28 1595.88 1313.83 1404.54 1373.72 1557.09 1233.75 1335.96 1631.95 856.224 1531.9 1376.3 1568.46 1522.56 1321.92 1648.77 1030.82 1297.82 1520.03 
1253.42 1197.98 1339.99 1219.67 1053.54 1308.53 1104.91 1318.34 1412.3 1447.27 1481.49 1454.64 1205.75 1405.67 1440.54 1129.85 1067.29 1136.01 1384.16 1130.03 1271.86 1237.77 1016.3 1208.92 1144.13 1234.86 1247.72 1361.8 1407.44 1350.91 1311.46 1435.43 1272.33 1262.9 881.496 975.111 1373.72 1313.21 984.974 1068.43 1309.48 856.224 1415.92 1167.29 1165.67 1395.6 1287.87 1183.26 970.309 1077.57 961.631 
951.943 1019.83 1030.94 1048.34 733.081 938.805 858.704 1123.56 905.078 1036.1 864.749 854.578 805.88 815.877 1059.67 811.199 870.976 759.676 1044.37 839.663 981.981 950.344 755.803 972.214 947.011 1116.65 814.898 1169.41 1051.45 1045.06 735.544 843.586 959.984 989.301 824.732 934.97 882.579 717.366 909.796 785.847 905.048 856.224 970.636 764.282 1151.36 718.605 856.101 1183.26 851.427 1061.15 874.853 
576.063 646.278 654.809 665.054 513.607 715.207 741.806 761.918 669.157 645.413 840.406 617.099 380.339 687.939 680.082 696.536 752.88 615.063 584.052 651.578 747.075 550.866 313.06 625.446 675.463 585.384 813.709 608.119 590.398 789.539 531.38 766.577 841.688 639.407 679.617 668.401 695.904 470.016 525.592 561.228 650.111 594.352 645.117 589.545 767.714 438.086 458.465 828.772 768.203 849.698 544.409 
450.092 409.061 469.708 434.059 352.302 575.57 516.617 512.856 490.213 592.443 526.256 501.911 248.535 481.365 497.322 557.683 406.49 408.113 246.476 320.143 565.337 492.722 256.981 372.401 267.963 514.338 631.589 525.974 579.02 322.507 468.198 521.102 558.674 291.408 544.484 369.822 420.846 442.047 407.022 146.169 498.299 387.919 477.474 389.686 507.284 347.634 246.907 611.894 610.808 635.415 490.102 
391.063 167.111 303.965 418.658 335.806 438.983 367.463 405.521 305.637 445.098 434.59 402.232 220.654 448.032 405.039 480.274 401.434 402.324 187.312 281.243 425.138 414.974 216.318 347.111 240.904 447.072 527.627 505.088 548.537 292.009 336.287 254.502 410.098 265.972 271.064 229.119 362.895 422.904 290.179 100.454 379.633 276.392 369.817 381.059 495.02 314.656 212.813 569.744 551.559 462.866 468.33 
264.882 160.131 214.42 397.144 284.054 360.891 345.519 345.966 271.486 364.495 407.102 361.329 192.087 355.466 312.24 470.629 394.034 368.893 160.633 267.917 347.932 358.013 209.371 335.505 214.583 403.583 428.061 483.242 514.642 283.111 260.032 243.195 384.703 256.552 258.678 188.025 327.56 371.231 194.676 87.2987 372.713 268.07 352.599 294.694 485.994 297.293 162.973 514.784 504.344 339.8 342.388 
124.987 117.466 152.973 337.299 207.926 295.342 195.182 281.333 179.771 253.123 217.193 209.396 90.2814 225.473 266.126 384.462 283.755 288.902 134.454 227.92 223.462 160.704 175.911 321.866 178.471 359.791 341.36 425.696 413.584 217.059 236.356 233.625 287.609 131.165 246.814 96.4968 143.831 326.12 128.77 84.1396 254.712 264.618 225.367 243.304 411.82 166.844 147.461 428.962 385.767 273.333 275.92 
29.8768 29.5516 40.7714 279.86 54.5379 145.082 154.632 145.89 149.977 167.166 37.748 30.2471 29.2716 87.8172 152.543 258.279 158.761 40.5634 29.7638 30.5057 146.47 38.9321 26.6236 141.657 154.847 245.722 239.636 35.7884 140.904 152.347 146.702 40.7665 144.285 26.9237 156.147 32.6936 40.9711 244.728 27.5064 38.8846 154.799 43.8255 153.856 171.526 359.528 40.2723 22.988 367.306 245.351 146.602 148.921 
