105.077 105.332 106.542 104.79 105.543 104.479 106.358 105.622 105.91 109.895 106.074 104.884 104.852 104.93 105.776 104 106.854 105.557 105.35 105.125 106.362 107.182 104.007 106.038 105.779 107.07 105.934 106.955 105.743 106.848 103.978 106.096 104.126 104.417 106.222 103.491 105.175 106.722 105.839 104.971 105.408 105.251 108.648 104.908 106.912 106.207 105.106 106.107 104.821 109.597 107.376 
102.659 102.935 103.261 102.538 102.991 102.592 103.307 102.728 102.748 104.047 102.684 101.867 102.722 101.996 101.711 102.792 103.295 102.849 102.487 102.537 103.204 103.079 102.445 102.393 102.549 103.704 103.349 103.356 102.468 102.964 102.442 102.831 101.855 102.442 103.381 101.929 103.395 102.865 102.681 102.654 102.835 102.575 103.542 102.917 102.996 103.153 102.559 103.312 102.094 103.1 102.361 
100.879 101.19 101.402 100.84 101.565 100.712 101.153 100.969 101.304 102.19 101.143 100.924 101.229 100.979 101.136 101.326 101.473 100.714 101.104 101.076 101.334 100.922 101.066 101.18 101.12 102.101 101.541 101.299 101 101.429 100.897 101.381 100.732 100.981 101.071 100.929 102.048 101.612 101.097 100.822 100.9 101.254 101.962 100.936 101.112 101.338 101.024 101.415 101.122 101.661 101.024 
100.636 100.631 100.748 100.7 100.729 100.607 100.642 100.622 100.637 100.72 100.702 100.658 100.525 100.631 100.68 100.535 100.622 100.714 100.648 100.662 100.556 100.662 100.73 100.662 100.613 100.604 100.675 100.767 100.454 100.815 100.743 100.74 100.654 100.657 100.689 100.551 100.628 100.547 100.852 100.648 100.642 100.716 100.709 100.582 100.524 100.67 100.555 100.749 100.666 100.697 100.457 
100.439 100.37 100.577 100.5 100.52 100.498 100.608 100.441 100.414 100.395 100.489 100.459 100.525 100.479 100.559 100.518 100.48 100.515 100.331 100.431 100.441 100.51 100.555 100.474 100.584 100.419 100.416 100.506 100.425 100.608 100.427 100.581 100.479 100.519 100.558 100.551 100.446 100.547 100.59 100.421 100.558 100.597 100.548 100.551 100.46 100.53 100.456 100.413 100.393 100.449 100.457 
100.363 100.37 100.397 100.373 100.34 100.462 100.389 100.392 100.362 100.377 100.352 100.386 100.34 100.408 100.461 100.324 100.402 100.343 100.331 100.371 100.379 100.404 100.326 100.331 100.499 100.366 100.369 100.338 100.371 100.378 100.333 100.439 100.391 100.453 100.335 100.386 100.414 100.384 100.374 100.382 100.412 100.444 100.383 100.403 100.327 100.435 100.399 100.305 100.354 100.344 100.376 
100.282 100.37 100.355 100.367 100.34 100.316 100.368 100.304 100.362 100.337 100.352 100.267 100.25 100.371 100.378 100.324 100.291 100.253 100.306 100.371 100.296 100.261 100.326 100.274 100.442 100.353 100.343 100.338 100.283 100.34 100.287 100.378 100.295 100.352 100.312 100.269 100.379 100.327 100.367 100.341 100.298 100.355 100.291 100.246 100.272 100.321 100.34 100.305 100.291 100.312 100.336 
100.275 100.313 100.281 100.262 100.288 100.291 100.239 100.278 100.25 100.281 100.259 100.267 100.25 100.262 100.32 100.285 100.285 100.216 100.215 100.343 100.296 100.261 100.249 100.274 100.334 100.289 100.284 100.319 100.241 100.252 100.287 100.283 100.274 100.232 100.287 100.269 100.324 100.288 100.155 100.256 100.298 100.24 100.247 100.246 100.272 100.26 100.288 100.281 100.246 100.279 100.268 
100.275 100.215 100.262 100.238 100.226 100.291 100.193 100.265 100.25 100.281 100.228 100.184 100.205 100.212 100.253 100.232 100.242 100.19 100.205 100.197 100.277 100.211 100.244 100.203 100.324 100.217 100.27 100.287 100.241 100.252 100.21 100.283 100.242 100.224 100.197 100.253 100.193 100.262 100.155 100.203 100.252 100.221 100.238 100.231 100.221 100.26 100.259 100.235 100.179 100.243 100.249 
100.217 100.188 100.22 100.132 100.192 100.207 100.193 100.234 100.23 100.161 100.21 100.184 100.203 100.203 100.201 100.217 100.224 100.19 100.181 100.197 100.223 100.211 100.18 100.203 100.294 100.184 100.22 100.214 100.241 100.18 100.162 100.178 100.235 100.224 100.174 100.108 100.186 100.206 100.155 100.2 100.167 100.221 100.203 100.231 100.199 100.208 100.213 100.202 100.136 100.156 100.18 
100.198 100.188 100.212 100.132 100.158 100.165 100.172 100.166 100.208 100.161 100.21 100.165 100.185 100.143 100.201 100.18 100.185 100.166 100.148 100.149 100.217 100.152 100.129 100.195 100.241 100.184 100.2 100.214 100.181 100.146 100.162 100.165 100.189 100.157 100.174 100.108 100.186 100.204 100.155 100.16 100.167 100.191 100.202 100.174 100.148 100.183 100.151 100.165 100.136 100.156 100.148 
100.191 100.174 100.142 100.132 100.158 100.165 100.169 100.146 100.205 100.14 100.201 100.136 100.13 100.143 100.181 100.179 100.121 100.104 100.13 100.149 100.217 100.147 100.129 100.163 100.177 100.184 100.163 100.156 100.135 100.146 100.162 100.126 100.138 100.129 100.103 100.108 100.159 100.2 100.155 100.16 100.159 100.179 100.172 100.147 100.129 100.183 100.147 100.165 100.136 100.156 100.141 
100.141 100.156 100.142 100.132 100.129 100.158 100.164 100.125 100.16 100.132 100.167 100.103 100.13 100.136 100.171 100.176 100.106 100.104 100.13 100.149 100.179 100.147 100.129 100.138 100.147 100.174 100.135 100.156 100.135 100.146 100.162 100.126 100.111 100.129 100.103 100.108 100.124 100.193 100.155 100.151 100.159 100.179 100.171 100.128 100.123 100.148 100.13 100.12 100.136 100.155 100.141 
100.098 100.058 100.142 100.078 100.092 100.107 100.112 100.098 100.073 100.112 100.105 100.073 100.086 100.099 100.078 100.127 100.072 100.078 100.063 100.141 100.091 100.083 100.094 100.069 100.086 100.086 100.113 100.097 100.09 100.088 100.112 100.106 100.095 100.104 100.06 100.108 100.065 100.108 100.105 100.13 100.119 100.116 100.131 100.091 100.067 100.119 100.098 100.08 100.091 100.074 100.089 
