3.91079 4.19463 3.9571 4.23398 4.15916 3.76149 4.18365 3.85092 3.86544 3.89571 4.21556 4.12274 4.13361 4.25196 4.15339 4.06281 4.00326 4.16986 3.86017 4.12387 3.80931 3.89837 3.91218 3.71022 4.00685 3.72486 4.13995 4.17459 4.01844 4.12736 4.01791 4.17467 3.75744 4.22567 4.07851 3.9422 3.69709 3.86202 3.56787 3.92292 3.97665 3.77372 3.77755 4.25323 4.0635 4.06954 3.93533 3.82463 4.09208 4.13149 4.18916 
3.84966 4.04142 3.82946 4.02915 4.06825 3.76149 4.00365 3.85092 3.78163 3.89571 3.92735 4.02197 3.9604 3.69187 4.08691 3.95239 3.9796 3.98816 3.73812 4.0208 3.69572 3.89837 3.61902 3.71022 3.75861 3.72486 3.92854 3.77104 4.00983 4.12736 3.89824 3.76089 3.75744 3.68557 3.73777 3.79844 3.69709 3.86202 3.56787 3.45568 3.87266 3.64939 3.77755 4.10686 3.89206 4.06954 3.93533 3.82463 3.81206 4.12149 4.04628 
3.84966 3.71392 3.72705 4.02476 3.90501 3.76149 4.00365 3.77566 3.78163 3.80834 3.92735 3.9331 3.9604 3.46736 3.83771 3.95239 3.9796 3.92503 3.64801 3.86651 3.69572 3.89837 3.61902 3.71022 3.75861 3.72486 3.60812 3.77104 3.94728 3.81999 3.89824 3.72262 3.75744 3.67328 3.73777 3.79844 3.69709 3.86202 3.56787 3.45568 3.09822 3.64939 3.66849 3.77045 3.89206 3.56489 3.85976 3.82463 3.81206 3.96049 3.94808 
3.71354 3.71392 3.71549 3.5788 3.90501 3.75599 3.68412 3.55365 3.6836 3.35925 3.72225 3.81328 3.64764 3.46736 3.20495 3.95239 3.88401 3.39851 3.64801 3.67714 3.481 3.74733 3.61902 3.66788 3.72612 3.62215 3.60812 3.6807 3.63273 3.68946 3.81991 3.72262 3.67874 3.6328 3.33484 3.74986 3.69709 3.67667 3.56787 3.45568 3.09822 3.37537 3.48959 3.68126 3.76681 3.56489 3.60537 3.57615 3.81206 3.66625 3.73159 
3.20684 3.49538 3.50989 3.5788 3.12323 3.3969 3.43282 3.442 3.59379 3.35925 3.62721 3.31894 3.5675 3.32843 3.20495 3.89533 3.54771 3.39851 3.20622 3.59217 3.10661 3.33107 3.58777 3.4662 3.6732 3.49724 3.33716 3.56179 3.49583 3.51184 3.5664 3.20317 3.45684 3.12636 3.3141 3.20136 3.54501 2.91607 3.51012 3.40656 3.09822 3.27888 3.32909 3.47287 3.51206 2.98773 2.81731 3.57615 3.60748 3.47479 3.61332 
2.73186 2.7853 3.0559 3.12069 3.12323 3.12405 2.89071 2.89963 3.31196 2.95132 3.14303 3.05694 3.0811 3.04196 2.93578 3.34618 2.95839 3.28901 3.12341 3.09076 2.87373 3.22968 3.00913 2.72116 3.26996 3.2275 3.21432 3.03662 3.02244 3.01142 3.30779 3.03935 3.18397 2.85441 2.86935 2.75203 3.38922 2.91607 3.11791 2.96696 3.09616 3.04417 2.81259 3.03793 2.95903 2.89944 2.81731 3.09566 3.28328 3.16042 3.23089 
2.73186 2.74279 2.74573 2.40353 2.9983 2.73647 2.65591 2.57894 2.39105 2.7077 2.82265 2.91578 2.60326 2.7216 2.80295 2.95963 2.95839 2.98408 2.89379 2.40069 2.55037 2.11233 2.92006 2.72116 3.05801 3.0032 2.68652 2.65079 2.57919 2.13268 2.71003 2.88786 2.62043 2.85441 2.86935 2.75203 2.73467 2.48513 2.66596 2.96696 2.88172 2.71103 2.70016 2.31559 2.95903 2.78916 2.69639 2.42967 2.90561 2.61244 2.60706 
2.56508 2.06913 2.74573 2.40353 2.56545 2.66026 2.39106 2.57894 2.39105 2.66082 2.52196 2.30168 2.30996 2.3674 2.70008 2.82519 2.68378 2.46509 2.74594 2.40069 2.55037 2.09208 2.86524 2.52269 2.81154 2.39049 2.19095 2.65079 2.45298 2.13268 2.40172 2.53399 2.34977 2.5389 2.04948 2.46243 2.49808 2.45075 2.2088 2.54546 2.15371 1.98147 2.35652 2.18724 2.5717 2.44858 2.38271 2.42967 2.86475 2.61244 2.36051 
2.46697 2.04784 2.66302 2.10331 2.34251 2.43445 1.70255 1.90244 1.5461 2.06861 2.3027 1.97618 2.30996 2.3674 2.533 2.6556 1.72846 2.26927 1.87815 2.01306 1.91762 2.0699 2.28227 1.91231 2.1485 1.64743 2.19095 2.50759 2.45298 2.13268 1.75515 1.88405 1.53583 2.36025 2.04948 2.01254 2.23482 1.96565 1.91794 1.92111 2.02207 1.73696 2.31286 2.18724 2.17718 2.19241 2.11259 1.86604 2.5296 2.41014 1.61622 
2.17462 1.756 1.49423 1.09342 2.11638 1.84307 1.48065 1.53824 1.43756 1.78825 1.42934 1.86246 1.83976 1.88517 2.44629 2.39117 1.32328 1.80625 1.87815 1.39319 1.69376 1.09083 1.63929 1.52034 1.75709 1.47959 1.64405 2.0808 2.2247 1.47663 1.58999 1.82821 1.18847 1.96848 1.97987 1.81623 1.46911 1.82301 1.73827 1.88551 1.73744 1.57669 2.08739 2.15618 1.80348 1.6699 1.16089 1.75839 2.25663 2.09035 1.53317 
1.91592 1.46708 1.4919 0.99048 0.863742 1.59981 1.40086 1.49515 1.20284 1.63155 1.19992 1.68315 1.7802 1.54813 1.91957 2.27479 1.29132 1.31968 1.65689 1.32858 1.66789 0.703064 1.48535 1.3392 1.64644 1.02296 1.60088 1.83455 2.08815 1.09923 1.52344 1.35474 0.992983 1.80821 1.97987 1.60747 1.23464 1.67158 1.14679 1.79311 1.54581 1.51723 1.38147 1.26849 1.15881 1.64462 1.15927 1.29171 1.7824 1.89771 1.18559 
1.72154 1.40059 1.32815 0.666843 0.594282 1.19731 1.21821 1.26829 0.596679 1.61567 1.03134 1.4111 1.63288 1.45915 1.7001 1.03402 0.963125 0.601221 1.60476 1.23488 1.55144 0.472954 1.46238 1.06369 1.40478 0.93075 1.4646 1.77144 1.4814 0.938531 1.48411 1.25976 0.909835 0.938001 1.73559 1.34366 1.03332 1.38033 0.861143 1.65083 1.31864 1.25575 1.24865 1.01346 1.05566 1.50862 1.15462 0.84958 1.56408 0.989744 0.955363 
1.40266 1.34716 1.14983 0.588624 0.399155 0.763081 1.1485 0.811966 0.344138 1.56086 0.835103 1.3503 1.46009 0.703288 1.51884 0.758221 0.910839 0.500163 1.33324 1.1049 1.08813 0.399396 1.32471 0.686677 1.33609 0.837083 1.23228 0.681543 1.2006 0.399215 1.22821 1.25372 0.86071 0.353514 1.55874 0.818843 0.375499 1.20622 0.723737 1.29946 1.26768 0.523671 1.09127 0.87881 0.960015 1.45545 1.05897 0.733049 1.44275 0.628096 0.816095 
1.40266 1.34716 1.14983 0.588624 0.399155 0.763081 1.1485 0.811966 0.344138 1.56086 0.835103 1.3503 1.44585 0.703204 1.51877 0.75822 0.910839 0.500163 1.33324 1.1049 1.08577 0.399155 1.32471 0.686677 1.33609 0.837083 1.23228 0.681151 1.2006 0.399155 1.22821 0.849053 0.860684 0.344138 1.55874 0.720844 0.344138 1.20622 0.723737 1.29827 1.26768 0.523671 1.09127 0.860684 0.95962 1.45545 1.05897 0.719545 1.44275 0.628096 0.816095 
