5.21789e+08 5.49775e+08 6.26439e+08 5.89032e+08 6.14289e+08 5.74787e+08 5.72145e+08 5.70871e+08 4.84125e+08 5.09248e+08 4.66517e+08 8.11089e+08 6.18963e+08 3.89985e+08 6.07516e+08 5.7756e+08 2.71733e+08 4.36258e+08 7.359e+08 7.61679e+08 5.20188e+08 6.61846e+08 6.11168e+08 5.91767e+08 6.40912e+08 6.49424e+08 6.34795e+08 7.61616e+08 6.22264e+08 5.24386e+08 5.01142e+08 6.04781e+08 7.0846e+08 7.56086e+08 7.35141e+08 6.16817e+08 1.04878e+09 6.27968e+08 6.95345e+08 6.58145e+08 4.58608e+08 5.47296e+08 5.81987e+08 5.02097e+08 4.1824e+08 5.79964e+08 5.54433e+08 6.77431e+08 7.86177e+08 6.13154e+08 4.4552e+08 
9.79478e+07 9.15316e+07 1.00167e+08 8.97818e+07 4.94663e+07 6.85005e+07 7.49029e+07 1.44805e+08 1.13433e+08 1.07135e+08 1.20615e+08 9.97722e+07 1.03789e+08 7.99891e+07 5.82088e+07 1.22762e+08 1.02357e+08 8.96435e+07 7.05756e+07 1.4031e+08 8.05474e+07 1.04406e+08 1.18007e+08 9.28361e+07 5.5746e+07 7.80242e+07 1.05498e+08 8.6725e+07 1.01284e+08 9.88652e+07 8.50241e+07 7.63387e+07 9.42077e+07 9.26604e+07 7.95139e+07 8.64834e+07 1.16027e+08 8.14371e+07 7.907e+07 1.30846e+08 1.02069e+08 1.15637e+08 8.24184e+07 9.1758e+07 7.03872e+07 1.03593e+08 9.13767e+07 7.36327e+07 8.62206e+07 4.95647e+07 8.98878e+07 
2.00853e+07 2.48331e+07 2.79805e+07 1.96832e+07 1.11432e+07 1.23873e+07 2.89638e+07 2.12132e+07 3.14108e+07 2.46347e+07 3.18161e+07 2.90948e+07 2.54528e+07 1.66998e+07 1.86664e+07 3.26387e+07 2.41155e+07 2.7667e+07 3.5292e+07 1.66953e+07 2.47724e+07 2.53901e+07 1.60098e+07 2.12692e+07 2.3026e+07 2.7121e+07 2.05063e+07 2.8255e+07 2.66264e+07 2.96777e+07 9.44526e+06 3.6164e+07 2.28881e+07 1.78237e+07 2.25007e+07 2.12935e+07 2.98418e+07 2.97321e+07 3.1241e+07 2.53519e+07 2.97131e+07 2.59098e+07 1.27172e+07 1.23704e+07 2.82428e+07 2.34393e+07 2.73729e+07 2.64736e+07 2.71804e+07 2.30125e+07 2.30041e+07 
2.84365e+06 2.66436e+06 3.31676e+06 2.99728e+06 2.2983e+06 4.18466e+06 3.13567e+06 3.29735e+06 3.30547e+06 5.335e+06 4.81217e+06 2.20623e+06 3.08337e+06 2.48083e+06 2.65809e+06 3.80881e+06 2.32684e+06 3.26329e+06 4.68581e+06 3.36724e+06 4.54837e+06 1.84461e+06 3.54657e+06 3.68995e+06 3.19751e+06 3.44494e+06 3.49891e+06 2.52792e+06 4.06261e+06 4.0542e+06 2.90575e+06 3.71592e+06 2.96217e+06 2.84128e+06 2.8126e+06 2.76548e+06 3.45232e+06 3.69072e+06 3.52541e+06 3.71173e+06 4.53993e+06 2.81882e+06 3.1012e+06 2.50482e+06 1.04135e+06 1.91569e+06 1.76986e+06 3.76333e+06 3.87207e+06 4.06299e+06 1.94905e+06 
79019.6 105398 83907.1 74160.1 100605 122744 77717 116023 104324 92026.3 110745 89269.7 84459.9 95845.9 89164.6 112256 95291.4 62229.8 117738 78788.5 105200 112367 106080 90164.6 81390.9 82134.4 81042.8 80142.6 96784.6 104259 93921.2 66585.7 105145 89436.6 85587.4 92926.9 118907 95913.7 113634 101849 125236 81670.1 83388.3 82440.5 111283 78436.2 91546.1 87839.9 107155 90689.2 86398.1 
3552.63 2926.8 3554.3 3533.85 3911.7 2847.12 3477.74 3516.13 4322.62 5135.98 4253.34 5123.36 3039.46 4305.31 5336.01 2575.62 3956.79 3545.84 5173.97 3666.69 2930.81 4854.65 2921.53 3157.98 4014.83 3384.99 3663.26 3606.73 3367.56 3965.15 3068.52 4943.6 3243.53 3686 3323 3654.6 4696.62 3337.51 3396.81 4371.38 2965.11 3689.18 3296.46 4332.82 3160.56 4242.12 4678.45 3354.6 2826.02 3210.91 4038.98 
938.37 1003.94 1325.33 1395.95 1139.82 1498.82 1005.39 1261.89 1204.81 1597.72 998.304 1127.95 960.166 1138.66 1288.42 961.723 1079.39 1208.49 1320.93 1705.67 1389.69 1304.1 1136.21 1152.81 1116.85 1263.83 1245.44 1028.71 968.42 1025.12 943.072 1027.4 1257.01 958.172 1055.57 1184.98 1167.6 1005.59 1292.2 991.588 956.82 1065.56 1032.12 1024.46 1013.87 1131.7 1171 1259.84 1437.96 977.844 1004.22 
816.541 880.387 937.576 908.853 907.437 975.25 880.142 835.533 907.93 867.828 803.658 815.096 875.009 935.657 937.104 814.098 915.414 815.8 862.566 866.332 1012.87 909.167 812.248 987.74 810.2 909.662 797.899 809.463 803.37 904.859 795.516 809.17 968.209 810.945 804.43 811.669 818.758 803.052 811.397 823.457 801.476 912.412 909.7 830.076 803.399 808.017 832.327 866.56 926.221 811.273 805.808 
793.269 794.076 902.25 902.569 893.671 921.378 785.763 786.102 901.563 783.941 792.477 798.707 786.554 904.335 904.091 795.156 858.91 802.331 782.952 801.364 899.736 903.104 799.888 905.202 791.275 865.684 782.735 797.5 790.09 895.228 791.733 778.862 902.729 794.828 799.061 786.82 785.809 791.366 793.578 799.199 795.636 803.38 902.992 793.05 797.012 801.821 778.927 810.545 906.566 786.985 794.303 
791.9 753.371 901.194 900.749 892.846 919.707 782.561 785.151 889.9 779.325 791.17 797.156 778.532 895.177 900.839 787.693 773.598 793.132 777.1 799.101 884.145 901.007 798.919 899.536 787.839 842.065 781.987 794.981 775.978 892.23 791.609 776.525 891.079 789.671 793.952 785.088 782.461 788.83 790.746 797.601 794.279 790.403 901.68 784.575 789.608 801.262 764.272 808.773 905.677 785.248 792.395 
778.705 734.754 901.173 900.635 892.532 913.277 782.355 785.084 889.171 777.795 790.919 780.733 777.83 894.377 887.023 787.176 770.792 792.312 776.815 796.58 882.812 896.294 794.732 899.047 787.43 795.09 781.849 784.115 775.394 892.145 791.603 776.398 889.965 789.109 793.597 784.67 780.485 788.596 790.205 791.036 794.196 789.941 895.067 782.825 788.625 795.42 762.923 807.28 900.523 785.004 792.193 
778.667 733.412 901.172 900.633 892.526 858.46 782.344 785.082 889.162 777.567 790.916 780.564 777.783 894.301 886.747 787.101 770.668 791.434 776.198 795.999 882.677 896.275 793.407 899.022 787.392 793.115 781.833 783.937 775.372 892.136 791.603 776.381 889.91 789.093 793.571 784.666 780.451 788.557 790.189 790.988 794.19 789.935 895.009 782.754 788.614 795.406 762.359 798.95 900.462 784.976 792.187 
778.665 733.305 901.172 900.633 892.526 810.459 782.342 785.082 889.156 777.565 790.916 780.562 777.782 894.299 886.734 787.1 770.665 791.425 776.193 795.995 882.666 896.272 793.405 899.022 787.391 788.193 781.833 783.935 775.371 892.136 791.603 776.381 889.909 789.092 793.568 784.666 780.445 788.556 790.187 790.986 794.19 789.935 895.002 782.749 788.613 795.406 761.694 798.945 900.46 784.974 792.186 
778.664 733.304 901.172 900.632 892.525 809.037 782.341 785.082 889.156 777.565 790.916 780.561 777.782 894.299 886.73 787.099 770.665 791.425 776.193 795.995 882.666 896.272 793.405 899.022 787.391 788.1 781.833 783.934 775.37 892.136 791.603 776.381 889.909 789.092 793.567 784.666 780.444 788.556 790.187 790.986 794.19 789.935 895.002 782.746 788.613 795.406 761.691 798.945 900.46 784.974 792.186 
