4.56793 2.96028 5.92546 7.52135 7.1591 7.65729 7.50826 6.83499 6.25462 8.12455 9.32876 6.39999 3.20291 3.17406 3.5488 5.0933 5.99011 4.59538 6.81454 6.96405 7.22421 2.87792 7.25196 7.51119 3.42836 6.28249 5.98577 6.30381 3.66754 6.51964 6.31122 4.74876 4.80691 6.37331 5.72523 11.7756 9.21868 4.41336 3.8534 8.12029 2.17321 5.64004 4.99006 11.1757 9.06213 4.26398 8.02373 6.36501 2.34733 5.25929 3.59605 
0.736583 1.19983 0.80895 1.10987 0.934603 0.549212 0.917721 1.16751 0.591521 0.498203 0.762931 1.20415 1.33209 0.999315 0.777702 0.869005 0.573708 0.896879 0.409286 1.05121 0.949329 1.09334 0.456879 0.831708 1.01566 0.501398 0.88769 0.667659 0.509129 1.1139 0.956736 1.1944 1.37358 0.706204 0.394002 0.780078 1.14042 0.671122 0.665138 0.417739 0.69219 0.86129 0.692089 0.923824 0.663498 0.572263 0.722192 1.13581 1.51714 1.11157 0.48449 
0.629904 0.40499 0.414286 0.377447 0.522623 0.35706 0.452584 0.577814 0.459439 0.498203 0.418708 0.515311 0.433727 0.380277 0.201181 0.434225 0.573708 0.495088 0.409286 0.500113 0.594921 0.520702 0.432234 0.40261 0.383121 0.296424 0.477005 0.445419 0.509129 0.348893 0.469294 0.260607 0.457454 0.49285 0.394002 0.623504 0.363833 0.545631 0.35572 0.417739 0.284562 0.586083 0.533718 0.359968 0.364848 0.29835 0.527009 0.4382 0.468817 0.818746 0.48449 
0.41164 0.275017 0.414286 0.325516 0.268921 0.299189 0.392802 0.41295 0.399218 0.381292 0.416748 0.424295 0.30248 0.187044 0.201181 0.390489 0.312921 0.411583 0.375653 0.436225 0.431234 0.31125 0.353853 0.344478 0.370905 0.246843 0.276651 0.39126 0.418479 0.348893 0.292927 0.260607 0.412689 0.410486 0.361504 0.33439 0.298067 0.261703 0.35572 0.201399 0.284562 0.367322 0.358452 0.359968 0.237529 0.29835 0.309259 0.365563 0.394741 0.413767 0.394199 
0.328127 0.275017 0.314054 0.298659 0.268921 0.299189 0.317592 0.353728 0.278918 0.340866 0.344 0.109926 0.30248 0.187044 0.201181 0.318316 0.236052 0.339328 0.246787 0.362077 0.291216 0.258807 0.18908 0.28861 0.318663 0.225301 0.276651 0.234934 0.349719 0.282472 0.286089 0.260607 0.28709 0.264035 0.249955 0.277577 0.298067 0.261703 0.35572 0.201399 0.258678 0.337897 0.29737 0.295011 0.237529 0.29835 0.248033 0.20956 0.294107 0.324821 0.394199 
0.22597 0.271169 0.173719 0.186482 0.257728 0.268399 0.205164 0.307688 0.190295 0.298909 0.249556 0.109926 0.270765 0.187044 0.201181 0.18225 0.229819 0.278265 0.180996 0.208873 0.265962 0.255901 0.17253 0.28861 0.227648 0.225301 0.230968 0.234934 0.192523 0.239829 0.286089 0.182349 0.170037 0.211255 0.21561 0.251122 0.203584 0.212818 0.265748 0.149337 0.16054 0.277823 0.178668 0.183378 0.15247 0.240673 0.160229 0.20956 0.294107 0.265366 0.190842 
0.19489 0.166907 0.127804 0.186482 0.199222 0.268399 0.0430828 0.260158 0.0791528 0.228728 0.134452 0.109926 0.204498 0.187044 0.164636 0.18225 0.1894 0.278265 0.180996 0.208873 0.236 0.196306 0.17253 0.195173 0.227648 0.225301 0.189901 0.197028 0.192523 0.21713 0.266164 0.182349 0.156689 0.168459 0.158216 0.161257 0.203584 0.12957 0.133231 0.140604 0.16054 0.203183 0.174765 0.183378 0.15247 0.160832 0.160229 0.147686 0.294107 0.163086 0.185148 
0.19489 0.125197 0.127804 0.0999775 0.193813 0.204378 0.0430828 0.171674 0.0791528 0.228728 0.134452 0.109926 0.204498 0.0981 0.152103 0.18225 0.150388 0.210682 0.180996 0.208873 0.116121 0.196306 0.114774 0.140301 0.0922544 0.171988 0.189901 0.102887 0.192523 0.172803 0.196759 0.174664 0.147713 0.168459 0.120127 0.161257 0.200011 0.12957 0.132642 0.134592 0.0809162 0.183335 0.161945 0.157785 0.142077 0.160832 0.0966355 0.120373 0.233847 0.13839 0.181078 
0.155106 0.125197 0.127804 0.0999775 0.102781 0.165309 0.0430828 0.171674 0.0791528 0.148206 0.134452 0.109926 0.154268 0.0981 0.117943 0.14104 0.141873 0.1392 0.122302 0.114741 0.116121 0.196306 0.114774 0.140301 0.0922544 0.142448 0.17249 0.102887 0.121638 0.120567 0.144351 0.121861 0.118712 0.167151 0.107611 0.134613 0.177657 0.127361 0.132642 0.113465 0.0809162 0.183335 0.128651 0.157785 0.102632 0.0839262 0.0966355 0.10274 0.158199 0.106319 0.181078 
0.114483 0.0892421 0.0701878 0.0999775 0.102781 0.165309 0.0430828 0.171674 0.0774402 0.148206 0.0863246 0.0999559 0.136076 0.0981 0.117943 0.104365 0.141873 0.110486 0.122302 0.114741 0.116121 0.141287 0.114774 0.140301 0.0922544 0.142448 0.17249 0.102887 0.121638 0.120567 0.144351 0.107045 0.0836632 0.149206 0.107611 0.0937963 0.142014 0.120796 0.132642 0.0851561 0.0401837 0.163333 0.128651 0.148124 0.102632 0.0839262 0.0907478 0.0962691 0.158199 0.0459715 0.100888 
0.114483 0.0892421 0.0444268 0.0660938 0.094865 0.148357 0.0430828 0.159946 0.0630941 0.111278 0.0863246 0.0906882 0.0982974 0.0588838 0.0970784 0.104365 0.119817 0.0665126 0.0892045 0.114741 0.116121 0.114428 0.0780651 0.117776 0.0922544 0.137065 0.117686 0.0593044 0.0853563 0.118027 0.144351 0.107045 0.0618459 0.149206 0.0823791 0.0937963 0.140034 0.081764 0.117964 0.0638287 0.0401837 0.163333 0.104471 0.120033 0.102106 0.0839262 0.0774584 0.0962691 0.0905576 0.0459715 0.0861966 
0.114483 0.0892421 0.0444268 0.0660938 0.0863494 0.106223 0.0430828 0.159946 0.0539478 0.111278 0.0863246 0.0808037 0.0982974 0.0588838 0.0923447 0.097423 0.0837707 0.0665126 0.0736408 0.0972398 0.109235 0.0780394 0.0780651 0.0957851 0.0854792 0.137065 0.113204 0.0434615 0.0853563 0.118027 0.144351 0.104206 0.0618459 0.13707 0.0746945 0.0937963 0.123813 0.0770309 0.117499 0.0595773 0.0401837 0.134682 0.0870193 0.0660633 0.0811094 0.0839262 0.0765631 0.0789155 0.0827993 0.0459715 0.0861966 
0.114483 0.0802272 0.0217766 0.0448036 0.0730041 0.104353 0.0430828 0.143546 0.0539375 0.0651518 0.0712937 0.0504034 0.0982974 0.0538613 0.0378876 0.0929957 0.0678944 0.0665126 0.0517426 0.0497907 0.0855335 0.0727304 0.0648714 0.0873527 0.0854792 0.128365 0.0334232 0.0434615 0.0853563 0.0864117 0.144351 0.0767429 0.0618459 0.127496 0.0442127 0.044703 0.105993 0.0761145 0.0945157 0.0584326 0.0326763 0.118964 0.0870193 0.0598218 0.0811094 0.0642971 0.0691099 0.0724249 0.0433197 0.0459715 0.0609556 
0.11013 0.0802267 0.0213932 0.0448036 0.0525455 0.0599329 0.0430828 0.143546 0.0500108 0.0651516 0.0712937 0.0504034 0.0728948 0.0538613 0.0378876 0.0613775 0.0678914 0.0665126 0.0517426 0.049785 0.085531 0.056084 0.0648695 0.0700028 0.0697864 0.0772689 0.0334232 0.0348592 0.0853563 0.0860299 0.0980625 0.0767429 0.051204 0.127496 0.0442043 0.0447029 0.0890332 0.0761145 0.0945066 0.043431 0.0285143 0.117113 0.0805276 0.0598218 0.0679752 0.0642971 0.0688137 0.0560074 0.0257524 0.0459715 0.0609556 
