535.266 457.412 545.468 486.364 512.417 476.833 500.128 525.19 523.178 488.194 527.378 462.964 548.972 502.153 489.611 453.289 455.12 539.748 486.981 508.306 514.853 536.952 494.869 471.43 528.257 529.205 542.025 455.718 519.402 478.707 487.209 531.015 509.567 533.051 442.235 532.288 522.762 459.926 497.415 531.95 527.97 554.625 511.123 505.595 539.727 467.579 520.06 451.988 558.171 467.689 482.181 
252.192 257.386 250.768 252.639 266.445 247.574 233.765 227.992 282.583 254.815 229.999 275.162 227.518 271.503 248.668 239.173 246.869 249.573 269.821 255.902 245.946 271.04 227.581 242.334 237.762 259.502 284.127 247.137 270.42 267.588 283.16 253.957 265.506 250.157 243.268 272.559 280.188 249.994 263.01 277.702 241.141 200.669 240.236 222.644 249.661 229.171 253.936 215.024 268.186 273.459 261.209 
143.927 129.519 142.216 133.652 142.105 140.748 142.838 142.111 155.11 130.648 136.3 149.584 139.085 158.06 118.752 136.585 134.101 138.099 149.943 140.258 150.452 154.811 126.731 133.942 156.517 149.878 143.586 150.163 136.972 135.127 133.286 151.874 131.896 120.757 130.476 145.964 141.902 149.428 139.015 121.842 141.239 135.811 141.573 139.683 130.856 140.084 137.579 133.411 148.962 141.111 138.706 
28.6521 47.8445 45.0992 46.8255 46.2365 49.7212 43.1887 42.3427 47.709 43.3266 46.716 49.3765 43.5915 46.6124 39.2169 35.864 45.6836 42.6937 44.7069 42.0812 41.8125 46.4076 46.3892 40.5356 41.1544 45.5191 51.1354 47.6572 37.8451 40.3686 35.799 42.0415 37.9667 46.8596 48.1067 41.5879 45.4541 46.5881 47.3513 45.5292 45.6715 39.8265 45.2581 42.7535 44.4885 42.965 41.8217 39.2314 46.7112 38.9081 46.7862 
0.309606 0.335806 0.34268 0.30442 0.376369 0.315812 0.344974 0.367552 0.402841 0.419394 0.305791 0.315822 0.416984 0.382965 0.368549 0.316241 0.42844 0.32233 0.488635 0.467268 0.415157 0.465692 0.327561 0.34128 0.289399 0.405271 0.296555 0.284954 0.30619 0.391441 0.404106 0.533452 0.434034 0.268333 0.328105 0.428502 0.425488 0.344095 0.429359 0.324023 0.359845 0.358372 0.325743 0.322389 0.272481 0.285987 0.325993 0.513455 0.383771 0.325037 0.40417 
0.309606 0.335806 0.294349 0.295264 0.315166 0.310733 0.315755 0.291032 0.28425 0.336193 0.274925 0.315822 0.370322 0.331913 0.324716 0.316241 0.277402 0.32102 0.299868 0.375323 0.326309 0.308056 0.288357 0.31574 0.289399 0.28496 0.296555 0.284954 0.30619 0.262763 0.309896 0.299179 0.360469 0.267882 0.310743 0.320215 0.285561 0.30644 0.275638 0.262287 0.343046 0.266149 0.297163 0.286129 0.272481 0.285987 0.277287 0.25267 0.316514 0.305005 0.313209 
0.305404 0.335806 0.284657 0.283165 0.315166 0.310733 0.315755 0.291032 0.28425 0.319438 0.274925 0.315822 0.33673 0.274358 0.324716 0.316241 0.277402 0.32102 0.299868 0.354039 0.326309 0.308056 0.262501 0.31574 0.289399 0.258077 0.296555 0.284954 0.30619 0.240473 0.309896 0.299179 0.359685 0.267882 0.310743 0.320215 0.254828 0.30644 0.275638 0.262287 0.285559 0.266149 0.297163 0.286129 0.272481 0.285987 0.236803 0.25267 0.310368 0.305005 0.313209 
0.295505 0.308442 0.284657 0.256349 0.28496 0.310733 0.315755 0.274424 0.283889 0.313489 0.274925 0.315822 0.329838 0.274358 0.324716 0.294058 0.277402 0.32102 0.299868 0.354039 0.326309 0.308056 0.262501 0.31574 0.289399 0.258077 0.296555 0.284954 0.283667 0.240473 0.309896 0.299179 0.323855 0.267882 0.304595 0.320215 0.254828 0.260324 0.275638 0.262287 0.285559 0.266149 0.297163 0.286129 0.272481 0.285987 0.236803 0.25267 0.310368 0.273957 0.313209 
0.280961 0.308442 0.272706 0.256349 0.28496 0.298268 0.285829 0.274424 0.283889 0.309002 0.274925 0.315822 0.282575 0.274358 0.252988 0.269016 0.248782 0.32102 0.261246 0.324895 0.316668 0.308056 0.262501 0.31574 0.274576 0.258077 0.296555 0.284954 0.283667 0.235535 0.309896 0.266437 0.323855 0.267882 0.304595 0.320215 0.254828 0.260324 0.275638 0.260693 0.285559 0.266149 0.297163 0.286129 0.272481 0.285987 0.236803 0.25267 0.310368 0.267169 0.313209 
0.235364 0.292209 0.254311 0.234115 0.28496 0.298268 0.253941 0.274424 0.262455 0.240235 0.274925 0.261052 0.262959 0.256374 0.252988 0.269016 0.248782 0.32102 0.236607 0.274018 0.266759 0.308056 0.262501 0.274561 0.274576 0.258077 0.247259 0.272192 0.283667 0.235535 0.27549 0.242035 0.319688 0.265541 0.250842 0.265407 0.254828 0.260324 0.262572 0.260693 0.285559 0.252903 0.267283 0.286129 0.272481 0.284443 0.236803 0.25267 0.257676 0.267169 0.313209 
0.225094 0.256314 0.239617 0.228603 0.28496 0.298268 0.214748 0.274424 0.262455 0.239064 0.274925 0.231546 0.242806 0.227706 0.236061 0.225684 0.23968 0.32102 0.222722 0.256585 0.266759 0.30173 0.252615 0.267766 0.26355 0.258077 0.232472 0.236929 0.262219 0.21944 0.239425 0.218435 0.291181 0.261442 0.250842 0.226886 0.254828 0.254319 0.221218 0.213221 0.265602 0.234964 0.254929 0.286129 0.234313 0.2468 0.223014 0.25267 0.227846 0.246944 0.263378 
0.214085 0.215879 0.226408 0.219958 0.24346 0.298268 0.214748 0.216052 0.243599 0.213541 0.249371 0.217528 0.23107 0.227706 0.217252 0.225684 0.230176 0.224833 0.222722 0.232503 0.249858 0.30173 0.234568 0.2344 0.22515 0.22896 0.218128 0.215852 0.205441 0.21944 0.232491 0.218435 0.237435 0.22841 0.227139 0.226886 0.254828 0.227736 0.221218 0.213221 0.233772 0.224856 0.248017 0.22993 0.234313 0.228039 0.216099 0.25267 0.227846 0.226295 0.215097 
0.209287 0.215879 0.226408 0.212978 0.232725 0.298268 0.214748 0.216052 0.243599 0.196659 0.220784 0.217528 0.198354 0.217641 0.217252 0.225684 0.220943 0.224833 0.212976 0.232503 0.245075 0.234421 0.224839 0.229113 0.212539 0.217979 0.218128 0.207751 0.205441 0.218544 0.231321 0.190506 0.217345 0.214021 0.215018 0.220203 0.24924 0.21197 0.221218 0.207518 0.233772 0.206089 0.236503 0.22993 0.18938 0.2245 0.203812 0.25267 0.227846 0.208423 0.209524 
0.181474 0.202911 0.199252 0.210452 0.213334 0.257821 0.203651 0.185286 0.236051 0.191606 0.19755 0.217528 0.198324 0.2079 0.192518 0.221646 0.188751 0.205246 0.191454 0.210782 0.215835 0.223105 0.21218 0.215942 0.200918 0.209622 0.216801 0.189053 0.197114 0.189498 0.216604 0.186771 0.206915 0.196356 0.187796 0.188042 0.211329 0.187775 0.215336 0.201405 0.213147 0.19633 0.220552 0.186981 0.179087 0.194268 0.197322 0.205443 0.227846 0.208423 0.183418 
