1.74602e+07 1.87937e+07 2.56452e+07 2.11612e+07 2.72043e+07 3.27956e+07 3.08769e+07 2.70117e+07 2.07191e+07 4.29876e+07 1.39811e+07 3.25254e+07 5.72557e+07 3.62056e+07 2.47396e+07 5.19718e+07 5.44239e+07 2.13943e+07 2.33245e+07 1.67414e+07 3.84379e+07 4.93029e+07 3.15124e+07 1.59184e+07 3.87556e+07 2.66926e+07 4.38644e+07 2.05784e+07 2.83591e+07 2.88589e+07 3.65343e+07 3.76896e+07 1.01185e+07 2.90683e+07 4.31925e+07 2.48242e+07 4.16913e+07 6.10948e+07 3.85584e+07 3.9547e+07 2.42328e+07 1.96712e+07 3.91577e+07 2.54645e+07 2.42424e+07 2.8316e+07 2.77721e+07 2.58524e+07 4.23289e+07 3.18125e+07 2.82619e+07 
6.15181e+06 1.04677e+07 6.80177e+06 4.05514e+06 6.68236e+06 7.74517e+06 9.0051e+06 7.67323e+06 6.40216e+06 8.47208e+06 9.92168e+06 8.6958e+06 4.73223e+06 7.54522e+06 5.6233e+06 1.23902e+07 8.29438e+06 4.96004e+06 2.82026e+06 1.42955e+07 8.72745e+06 4.19448e+06 1.11897e+07 762114 2.68275e+06 1.13532e+07 1.31229e+07 3.16411e+06 9.05037e+06 1.28709e+07 9.86316e+06 1.10547e+07 1.01185e+07 8.98704e+06 1.35232e+07 5.86305e+06 1.59666e+07 7.48694e+06 1.26836e+07 1.27426e+07 8.54629e+06 3.60947e+06 9.00409e+06 6.11589e+06 5.26385e+06 6.54295e+06 4.28505e+06 1.44209e+07 1.02351e+07 2.42758e+07 1.20423e+07 
1.15001e+06 1.7612e+06 2.3069e+06 3.46207e+06 2.54321e+06 6.96167e+06 5.1441e+06 2.82594e+06 2.49699e+06 1.92103e+06 2.69441e+06 1.45243e+06 1.41608e+06 2.53148e+06 3.14977e+06 3.27872e+06 2.39933e+06 2.33465e+06 1.38196e+06 4.29981e+06 3.11225e+06 1.76269e+06 2.73132e+06 762114 2.68275e+06 2.33877e+06 2.0767e+06 2.32547e+06 1.65372e+06 3.1867e+06 3.44125e+06 2.64963e+06 1.2123e+06 3.15959e+06 3.40548e+06 4.00036e+06 1.45057e+06 5.08076e+06 4.00447e+06 3.74831e+06 1.57208e+06 2.23127e+06 5.2549e+06 2.81818e+06 2.47697e+06 1.09768e+06 3.38358e+06 5.13946e+06 2.49276e+06 4.37031e+06 1.9445e+06 
237594 238296 104661 477215 489726 778991 309283 251928 315497 166961 389285 937899 359380 364499 508058 372277 369947 212766 333043 561012 605828 202129 769847 447051 363613 332273 491980 360393 461773 586386 330548 298430 298371 851741 439999 367271 360167 467015 142938 566887 111407 199423 420133 326089 300694 282592 270451 553057 345703 309186 488494 
1616.54 1164.53 1314.3 1730.68 3482.25 3696.8 6596.79 344.478 1048.89 1981.55 2122.79 7799.4 2537.17 2762.65 2054.55 2067.99 2103.84 1789.64 1215.69 3268.85 2708.63 2336.32 848.38 1318.44 2379.79 1988.43 3309.86 2932.89 3219.96 1571.7 1344.38 1172.43 2291.44 3818.44 3106.46 987.333 1404.36 1892.69 1389.68 1538.59 1253.37 1825.31 3229.32 2277.13 960.26 1810.01 4149.66 1685.25 1729.77 2059.19 2506.5 
0.00743404 0.0241236 0.043569 0.0188291 0.0602957 0.031536 0.0397786 0.0172773 0.0307507 0.028269 0.0403331 0.0665955 0.023563 0.0236877 0.0394651 0.0315069 0.0323117 0.0379278 0.0111455 0.0334426 0.0315831 0.0193182 0.0207853 0.0128435 0.0348846 0.0207149 0.0319038 0.0346524 0.030483 0.0371269 0.0308835 0.0212493 0.0459806 0.0272992 0.0901449 0.0186644 0.0147026 0.0307918 0.0139654 0.0265326 0.0121865 0.0373838 0.0628035 0.0227289 0.0162114 0.0167479 0.0499456 0.0257282 0.0210052 0.0442087 0.0238548 
1.54696e-07 1.56514e-07 2.08613e-07 8.36574e-08 2.44905e-07 2.31175e-07 4.09649e-07 9.67851e-08 1.9412e-07 2.60644e-07 3.57299e-07 5.78944e-07 1.00254e-07 2.86743e-07 4.3216e-07 3.2697e-07 1.24602e-07 3.34015e-07 8.54717e-08 3.44037e-07 3.36932e-07 2.3357e-07 5.54868e-07 1.52845e-07 7.43153e-07 1.42989e-07 1.01203e-07 7.35544e-08 3.0967e-07 2.29832e-07 2.43742e-07 1.16288e-07 1.38231e-07 2.14352e-07 3.16394e-07 2.38242e-07 1.5234e-07 1.00568e-07 2.4646e-07 1.7358e-07 1.29696e-07 2.74587e-07 2.6906e-07 9.00481e-08 1.9867e-07 1.68151e-07 4.44741e-07 9.24773e-08 8.53199e-08 2.10676e-07 1.26906e-07 
0 0 0 0 0 0 0 0 0 0 0 0 0 0 0 0 0 0 0 0 0 0 0 0 0 0 0 0 0 0 0 0 0 0 0 0 0 0 0 0 0 0 0 0 0 0 0 0 0 0 0 
0 0 0 0 0 0 0 0 0 0 0 0 0 0 0 0 0 0 0 0 0 0 0 0 0 0 0 0 0 0 0 0 0 0 0 0 0 0 0 0 0 0 0 0 0 0 0 0 0 0 0 
0 0 0 0 0 0 0 0 0 0 0 0 0 0 0 0 0 0 0 0 0 0 0 0 0 0 0 0 0 0 0 0 0 0 0 0 0 0 0 0 0 0 0 0 0 0 0 0 0 0 0 
0 0 0 0 0 0 0 0 0 0 0 0 0 0 0 0 0 0 0 0 0 0 0 0 0 0 0 0 0 0 0 0 0 0 0 0 0 0 0 0 0 0 0 0 0 0 0 0 0 0 0 
0 0 0 0 0 0 0 0 0 0 0 0 0 0 0 0 0 0 0 0 0 0 0 0 0 0 0 0 0 0 0 0 0 0 0 0 0 0 0 0 0 0 0 0 0 0 0 0 0 0 0 
0 0 0 0 0 0 0 0 0 0 0 0 0 0 0 0 0 0 0 0 0 0 0 0 0 0 0 0 0 0 0 0 0 0 0 0 0 0 0 0 0 0 0 0 0 0 0 0 0 0 0 
0 0 0 0 0 0 0 0 0 0 0 0 0 0 0 0 0 0 0 0 0 0 0 0 0 0 0 0 0 0 0 0 0 0 0 0 0 0 0 0 0 0 0 0 0 0 0 0 0 0 0 
