1482.99 1591.45 1569.79 1574.52 1584.16 1576.77 1518.02 1485.25 1576.09 1569.51 1558.55 1596.46 1533.06 1538.32 1464.73 1483.67 1566.68 1494.36 1627.89 1529.86 1439.42 1512.21 1627.45 1522.96 1564.54 1549.59 1556.23 1500.56 1584.62 1570.66 1510.88 1549.75 1477.03 1534.2 1575.45 1527.07 1523.66 1440.69 1559.59 1537.31 1526.15 1599.71 1484.29 1441.36 1564.71 1517.06 1529.24 1541.74 1532.26 1482.89 1482.68 
1212.27 1239.59 1210.01 1186.05 1227.9 1163.6 1214.14 1183.96 1187.87 1212.76 1160.31 1244.25 1165.2 1261.22 1199.81 1147.42 1217.99 1239.64 1223.75 1171.98 1181.98 1255.46 1261.05 1264.4 1200.44 1201.29 1237 1204.18 1190.59 1260.75 1221.37 1213.41 1210.51 1191.28 1263.01 1186.35 1184.12 1149.05 1183.93 1246.31 1219.57 1235.74 1169.1 1214.87 1238.22 1218.82 1226.29 1209.81 1190.92 1204.23 1249.71 
1021.7 1065.89 1097.99 1036.62 1009.13 1067.56 1065.76 1084.53 1058.65 1083.68 1091.96 1102.13 1049.25 1088.65 1085.98 1021.69 1032.2 1040.39 1028.35 1023.13 1035.73 1111.11 1095.45 1068.81 1056.44 1054.21 1041.64 1053.75 1048.03 1057.35 1042.51 1062.97 1080.88 1044.59 1086.62 1022.62 1057.68 1061.04 1090.74 1031.82 1030.67 1086.27 1045.83 1103.09 1084.25 1122.52 997.835 1058.17 1047.72 1029.3 1068.16 
928.219 957.828 939.867 920.074 945.893 936.765 954.414 914.765 955.851 963.001 916.218 935.313 949.75 946.549 929.482 952.152 899.139 926.34 961.441 925.824 937.207 956.162 943.467 925.206 940.982 900.188 963.22 927.036 943.743 881.893 907.643 949.984 962.388 949.803 895.784 953.914 935.767 961.443 910.755 928.837 933.235 873.824 928.005 939.973 929.542 966.21 918.086 917.293 972.167 887.674 921.346 
873.544 837.807 832.768 789.126 837.309 835.051 835.783 837.874 810.624 826.532 838.359 848.35 845.46 849.592 853.788 860.854 824.009 825.135 838.195 857.059 784.918 830.386 844.828 790.665 829.058 801.516 854.763 795.063 826.997 846.297 854.39 860.8 820.529 849.426 808.991 864.549 796.407 847.589 838.013 843.791 839.072 826.44 825.22 834.571 821.577 779.969 852.62 858.695 851.906 831.672 863.344 
756.553 756.36 759.791 766.843 771.851 778.983 779.452 789.624 755.404 795.207 764.254 763.936 768.194 787.118 779.717 773.989 766.353 753.123 764.02 765.911 783.985 777.708 776.343 775.024 766.618 790.677 772.157 777.13 786.835 739.095 774.949 775.318 790.816 788.425 802.792 802.74 787.205 777.463 772.298 798.039 729.884 767.747 733.395 793.832 717.446 779.377 781.253 789.103 796.852 730.169 775.336 
711.669 675.071 686.888 712.1 713.208 707.728 745.492 692.273 689.617 699.899 680.458 668.986 727.88 751.37 726.507 704.676 688.274 715.55 715.611 715.834 717.137 718.318 704.522 727.06 715.908 711.898 698.733 714.032 684.176 705.303 700.276 704.784 723.779 717.228 689.005 692.263 715.28 711.657 705.731 735.933 703.789 691.237 702.368 722.28 682.642 714.274 716.913 690.701 726.639 716.572 669.481 
624.632 600.175 643.053 627.076 634.521 669.201 599.688 650.866 665.604 652.178 628.532 628.162 665.931 674.485 671.188 675.648 647.297 639.946 629.979 647.048 675.208 635.554 640.443 659.456 637.714 660.418 665.864 620.185 653.221 668.819 647.038 640.338 662.167 650.768 637.383 655.614 667.162 655.012 617.336 660 655.999 649.435 662.81 629.178 656.276 666.155 648.383 593.47 651.51 676.663 652.748 
517.707 581.389 591.45 596.161 561.936 608.281 576.584 597.025 585.874 606.936 582.625 607.029 604.929 606.087 621.808 619.229 600.083 597.531 589.43 600.767 584.55 605.789 571.392 586.215 574.239 607.323 598.158 529.218 562.562 558.775 594.734 565.825 544.537 605.62 558.493 579.014 609.377 622.941 574.409 594.478 579.479 609.355 576.47 578.873 610.544 594.993 590.67 521.081 580.348 586.482 579.894 
504.082 524.272 570.711 539.353 540.787 539.065 547.681 526.298 453.341 562.182 548.895 566.055 522.856 561.167 581.371 568.738 532.301 550.182 557.462 536.752 571.823 543.38 521.328 570.271 539.156 537.316 557.172 488.802 520.031 510.274 554.63 512.333 480.031 512.121 517.697 555.496 566.071 550.128 558.783 531.507 532.691 574.46 536.719 517.187 533.77 531.734 559.177 496.188 528.088 554.938 554.796 
440.808 419.111 470.033 462.27 462.818 473.286 478.339 454.897 429.011 473.553 445.813 481.698 465.544 473.793 471.54 476.228 477.268 480.18 482.712 462.949 484.611 471.363 461.525 462.455 467.644 469.25 455.437 443.151 439.111 466.471 451.522 434.842 440.138 454.757 456.297 444.987 494.142 467.661 497.322 470.443 450.004 494.481 432.474 444.689 462.324 470.427 433.222 432.459 451.792 447.293 473.886 
358.708 276.355 327.577 335.031 321.522 325.84 341.489 307.709 341.988 358.179 346.006 355.237 342.128 340.459 351.522 360.603 299.073 369.209 331.481 323.779 346.988 305.057 348.348 347.42 343.209 303.223 345.774 348.557 291.982 358.207 329.676 323.894 354.575 353.3 358.472 320.386 354.021 325.501 345.105 364.653 327.548 361.511 355.142 304.559 349.895 342.923 367.163 316.44 337.955 310.682 325.644 
167.79 14.9244 176.314 182.804 166.311 174.321 181.371 145.222 159.519 195.702 151.008 180.653 184.309 176.598 195.736 159.371 143.122 164.903 189.33 167.219 171.508 154.419 160.085 175.886 182.596 163.393 139.105 167.217 141.914 172.192 189.407 158.08 187.501 169.654 184.597 181.302 179.966 155.408 168.081 162.152 156.505 176.955 132.944 145.41 172.902 164.931 176.868 166.193 169.102 160.853 184.801 
24.952 14.9244 25.1208 32.91 17.929 34.8324 26.8875 24.8754 21.891 28.225 16.926 27.8843 24.8989 29.9412 31.8546 22.9297 23.1153 18.958 31.8809 20.9864 30.1914 27.8721 26.0199 26.297 20.9582 31.9604 19.8996 19.076 17.9169 28.9885 26.3828 26.8943 24.9218 26.9213 26.326 34.3072 30.2073 23.9019 27.1627 25.3925 26.886 21.9986 19.8997 24.8763 22.4721 22.8864 18.9488 19.9011 26.8668 19.9714 25.1214 
