2271.42 2190.97 2283.77 2228.06 2181.77 2198.61 2229.91 2250.76 2246.41 2243.87 2191.33 2166.69 2208.08 2222.94 2200.49 2195.83 2224.87 2203.96 2245.62 2201.16 2227.64 2242.65 2292.94 2128.8 2177.42 2286.53 2240.55 2185.72 2209.43 2258.62 2174.34 2134.61 2217.59 2207.14 2182.78 2129.87 2148.61 2268.34 2089.31 2148.29 2156.6 2122.09 1968.18 2261.87 2283.94 2211.79 2156.89 2264.52 2293.57 2156.71 2280.27 
1962.36 2025.23 1959.19 1958.18 2020.81 1919.73 1977.62 1961.19 2031.56 1962.06 2066.92 2006.16 1959.54 1949.2 2019.65 2024.82 1952.78 1974.57 1876.77 1965.7 1961.25 1967.99 1862.94 2045.8 1975.28 1996.12 1942.27 1989.79 1933.45 1914.67 1904.42 1886.89 1943.7 2001.57 1945.88 1996.03 2012.26 1932.92 1994.61 1884.61 1908.19 1883.45 1937.79 1975.09 2008.58 2024.3 2010.42 1903.7 2034.87 1968.68 1951.51 
1857.66 1801.5 1866.6 1775.04 1840.47 1769.69 1893.44 1784.12 1827.11 1764.94 1839.95 1850.67 1824.96 1785.21 1811.05 1808.33 1825.89 1841.52 1846.38 1790.42 1914.49 1808.92 1783.28 1777.56 1866.82 1719.95 1878.75 1820.97 1865.99 1843.46 1785.36 1768.93 1796.87 1714.25 1780.59 1652.81 1813.51 1787.83 1789.08 1731.96 1819.19 1782.6 1803.82 1847.04 1894.4 1821.53 1813.29 1828.78 1863.55 1820.2 1807.06 
1604.98 1619.35 1666.23 1459.16 1652.79 1554.1 1642.85 1428.64 1564.55 1598.16 1602.63 1626.72 1497.59 1562.2 1561.73 1527.56 1532.83 1536.74 1545.13 1570.15 1594.13 1561.28 1551.82 1504.26 1565.34 1626.85 1517.22 1505.04 1646.79 1572.63 1515.78 1512.61 1599.49 1521.5 1427.03 1573.19 1547.3 1516.14 1447.25 1461.53 1580.11 1453.75 1564.86 1584.55 1512.38 1572.28 1555.65 1562.61 1518.25 1557.06 1640 
837.955 952.829 932.497 823.425 957.824 812.008 976.618 761.87 971.949 944.825 889.779 933.349 742.083 793.249 861.073 882.046 834.535 836.346 843.361 812.59 894.26 884.166 761.345 818.716 935.199 850.026 808.935 850.026 853.824 857.457 834.393 802.141 939.513 789.976 797.833 929.246 884.131 747.484 706.298 784.328 899.261 706.418 791.947 868.115 963.945 806.428 757.452 822.427 808.782 912.516 783.449 
339.393 386.955 342.314 372.112 384.418 331.816 372.237 372.976 362.629 341.757 394.371 397.651 331.393 331.33 399.259 381.157 373.63 364.761 371.851 334.314 382.436 388.879 329.236 384.76 350.226 389.129 333.341 372.592 378.456 379.364 388.122 331.125 345.754 330.586 371.754 398.845 390.315 331.854 326.905 376.005 414.151 321.62 343.722 346.436 407.901 331.135 327.127 332.987 334.151 375.853 335.432 
301.612 335.891 301.837 332.883 334.02 301.264 329.26 346.558 315.635 301.848 357.689 350.919 301.451 301.33 361.936 348.937 335.27 334.938 335.203 301.505 340.622 348.966 301.144 348.819 302.097 349.143 301.485 340.045 340.424 340.285 349.003 301.313 302.015 301.263 340.007 349.267 351.055 301.483 301.325 346.931 370.128 301.073 310.002 302.092 363.762 301.452 301.278 301.434 301.453 335.301 301.574 
300.045 333.501 300.127 331.219 331.588 300.033 327.141 345.357 313.331 300.052 355.822 348.692 300.179 300.035 360.299 347.303 333.442 333.443 333.438 300.049 338.581 347.31 300.033 347.292 300.067 347.31 300.099 338.543 338.577 338.558 347.318 300.05 300.06 300.035 338.644 346.773 349.349 300.049 300.04 345.438 368.05 300.035 308.236 300.079 361.492 300.068 300.037 300.053 300.085 333.447 300.091 
300 333.415 300.053 331.16 331.511 300 327.08 345.324 313.261 300 355.762 348.601 300.138 300 360.244 347.252 333.394 333.392 333.392 300 338.507 347.26 300 347.253 300.002 347.256 300.049 338.505 338.505 338.505 347.265 300.006 300 300 338.604 346.703 349.287 300 300.002 345.369 367.987 300 308.177 300.008 361.396 300.012 300 300.001 300.045 333.393 300.046 
300 333.415 300.052 331.16 331.509 300 327.079 345.324 313.26 300 355.761 348.6 300.138 300 360.243 347.252 333.394 333.392 333.392 300 338.506 347.26 300 347.253 300.002 347.256 300.049 338.505 338.505 338.505 347.265 300.006 300 300 338.604 346.702 349.287 300 300.002 345.369 367.986 300 308.176 300.008 361.395 300.011 300 300 300.045 333.393 300.046 
300 333.415 300.052 331.16 331.509 300 327.079 345.324 313.26 300 355.761 348.6 300.138 300 360.243 347.252 333.394 333.392 333.392 300 338.506 347.26 300 347.253 300.002 347.256 300.049 338.505 338.505 338.505 347.265 300.006 300 300 338.604 346.702 349.287 300 300.002 345.369 367.986 300 308.176 300.008 361.395 300.011 300 300 300.045 333.393 300.046 
300 333.415 300.052 331.16 331.509 300 327.079 345.324 313.26 300 355.761 348.6 300.138 300 360.243 347.252 333.394 333.392 333.392 300 338.506 347.26 300 347.253 300.002 347.256 300.049 338.505 338.505 338.505 347.265 300.006 300 300 338.604 346.702 349.287 300 300.002 345.369 367.986 300 308.176 300.008 361.395 300.011 300 300 300.045 333.393 300.046 
300 333.415 300.052 331.16 331.509 300 327.079 345.324 313.26 300 355.761 348.6 300.138 300 360.243 347.252 333.394 333.392 333.392 300 338.506 347.26 300 347.253 300.002 347.256 300.049 338.505 338.505 338.505 347.265 300.006 300 300 338.604 346.702 349.287 300 300.002 345.369 367.986 300 308.176 300.008 361.395 300.011 300 300 300.045 333.393 300.046 
300 333.415 300.052 331.16 331.509 300 327.079 345.324 313.26 300 355.761 348.6 300.138 300 360.243 347.252 333.394 333.392 333.392 300 338.506 347.26 300 347.253 300.002 347.256 300.049 338.505 338.505 338.505 347.265 300.006 300 300 338.604 346.702 349.287 300 300.002 345.369 367.986 300 308.176 300.008 361.395 300.011 300 300 300.045 333.393 300.046 
