21.4079 21.4217 21.3772 21.3584 21.4324 21.3458 21.4379 21.434 21.4031 21.4312 21.4304 21.394 21.3787 21.3819 21.4121 21.3891 21.3895 21.394 21.4002 21.411 21.4131 21.4127 21.4104 21.4026 21.3992 21.3978 21.4234 21.4346 21.3748 21.4407 21.4071 21.3992 21.4367 21.3928 21.3247 21.4335 21.4098 21.4416 21.4365 21.4169 21.3698 21.4258 21.3541 21.4045 21.4085 21.3743 21.4172 21.3899 21.3236 21.4163 21.332 
21.4079 21.4217 21.3772 21.3584 21.4324 21.3458 21.4379 21.4328 21.4031 21.4252 21.4015 21.394 21.3787 21.3757 21.4087 21.376 21.3895 21.394 21.3856 21.411 21.4131 21.4127 21.4016 21.3685 21.3838 21.3978 21.4234 21.3761 21.3748 21.4371 21.4071 21.3718 21.4103 21.3928 21.3247 21.423 21.4098 21.4416 21.4296 21.3711 21.3698 21.403 21.3541 21.4045 21.3902 21.3743 21.4172 21.3899 21.3236 21.3722 21.332 
21.4079 21.4135 21.3772 21.3584 21.4043 21.3458 21.4217 21.4031 21.4031 21.3646 21.4015 21.394 21.3787 21.3757 21.4087 21.376 21.3895 21.394 21.3856 21.4102 21.3985 21.404 21.4016 21.3685 21.3838 21.3978 21.4234 21.3761 21.3748 21.4163 21.4071 21.3576 21.345 21.3686 21.3247 21.4133 21.3378 21.4172 21.4283 21.3711 21.3566 21.403 21.3541 21.3836 21.3863 21.3743 21.4172 21.3899 21.3236 21.3722 21.332 
21.4079 21.3844 21.3772 21.3584 21.3925 21.3458 21.3871 21.374 21.4031 21.3646 21.4015 21.3771 21.323 21.3757 21.3927 21.376 21.3135 21.3718 21.3856 21.4102 21.3951 21.3929 21.3666 21.3685 21.3838 21.3978 21.399 21.3761 21.3748 21.3562 21.3862 21.3576 21.345 21.3686 21.3247 21.4133 21.3378 21.4099 21.3656 21.3711 21.3566 21.403 21.3541 21.3666 21.3863 21.3743 21.3528 21.3899 21.3236 21.3722 21.332 
21.353 21.3395 21.371 21.3354 21.3659 21.3458 21.3557 21.3528 21.4031 21.3646 21.3549 21.3771 21.323 21.3664 21.3781 21.376 21.3135 21.3718 21.3475 21.3914 21.3665 21.3616 21.319 21.3685 21.3636 21.3978 21.3788 21.3761 21.3748 21.3562 21.3795 21.3576 21.345 21.3686 21.3247 21.379 21.3262 21.3997 21.3656 21.3711 21.3566 21.2632 21.3541 21.3666 21.3863 21.3445 21.3528 21.3899 21.3236 21.3588 21.332 
21.2938 21.3395 21.371 21.3354 21.3659 21.3458 21.3146 21.3495 21.3809 21.3646 21.3549 21.3432 21.323 21.3664 21.3781 21.376 21.3135 21.3669 21.3475 21.3396 21.3566 21.3611 21.3085 21.3604 21.3488 21.382 21.3599 21.3761 21.3748 21.3562 21.3676 21.3576 21.345 21.3686 21.3247 21.3763 21.3262 21.3817 21.3246 21.3602 21.3566 21.2632 21.3181 21.3306 21.3616 21.3251 21.3528 21.3633 21.3236 21.3588 21.332 
21.2938 21.3395 21.276 21.3354 21.3659 21.3458 21.3146 21.3056 21.3809 21.3646 21.348 21.3432 21.323 21.3664 21.3671 21.376 21.3135 21.3618 21.3475 21.3396 21.3566 21.3429 21.3085 21.3422 21.3488 21.3179 21.3599 21.3627 21.3311 21.3562 21.339 21.3576 21.2799 21.3686 21.3247 21.3334 21.3262 21.3612 21.3246 21.3342 21.3566 21.2632 21.3181 21.3306 21.3596 21.3251 21.3339 21.317 21.3236 21.3586 21.332 
21.2938 21.3395 21.276 21.3334 21.3507 21.3458 21.3146 21.2814 21.2611 21.3485 21.348 21.3432 21.323 21.3664 21.2922 21.3576 21.3135 21.3618 21.3475 21.3396 21.3566 21.3429 21.3085 21.3422 21.3488 21.3179 21.3599 21.3627 21.3311 21.3562 21.3094 21.3106 21.2799 21.3686 21.2832 21.3334 21.3262 21.3612 21.3246 21.3342 21.327 21.2632 21.3181 21.3306 21.3516 21.3251 21.3339 21.317 21.3236 21.3498 21.332 
21.2938 21.3395 21.276 21.3334 21.3507 21.3367 21.3146 21.2814 21.2611 21.3485 21.3341 21.3432 21.323 21.3176 21.2922 21.3576 21.3135 21.3372 21.3475 21.3396 21.3432 21.3429 21.3085 21.3422 21.3488 21.3179 21.3599 21.3594 21.3311 21.3434 21.3094 21.3106 21.2799 21.3686 21.2832 21.3334 21.3262 21.3612 21.2915 21.3342 21.327 21.2632 21.3181 21.3111 21.3516 21.3251 21.3339 21.317 21.3236 21.3498 21.332 
21.2938 21.3395 21.276 21.3334 21.3507 21.3367 21.3146 21.2814 21.2611 21.3325 21.3341 21.3432 21.323 21.3176 21.2922 21.3576 21.3135 21.3372 21.3364 21.3396 21.3339 21.3429 21.3085 21.3422 21.3488 21.3057 21.3557 21.3539 21.3311 21.318 21.3094 21.3106 21.2799 21.3686 21.2832 21.329 21.3262 21.3612 21.2915 21.3342 21.327 21.2632 21.3181 21.2731 21.3516 21.3251 21.3339 21.317 21.3236 21.3498 21.332 
21.2938 21.3395 21.276 21.3334 21.3507 21.3367 21.3146 21.2814 21.2611 21.3325 21.3222 21.3432 21.323 21.3176 21.2922 21.3466 21.3114 21.3099 21.3352 21.3396 21.3339 21.3429 21.3085 21.3422 21.3275 21.3057 21.351 21.3539 21.3311 21.318 21.3094 21.3106 21.2799 21.336 21.2832 21.2923 21.3262 21.3591 21.2915 21.3342 21.327 21.2632 21.2953 21.2731 21.3489 21.3251 21.314 21.317 21.3046 21.3498 21.332 
21.2938 21.3395 21.276 21.3334 21.3507 21.3367 21.3146 21.2814 21.2611 21.3325 21.3222 21.3334 21.323 21.3176 21.2922 21.3466 21.3114 21.3099 21.3352 21.3095 21.3339 21.3429 21.3085 21.3422 21.3275 21.3057 21.351 21.3293 21.3311 21.318 21.3094 21.3106 21.2799 21.336 21.2832 21.2923 21.3262 21.285 21.2895 21.2964 21.327 21.2632 21.2953 21.2731 21.3486 21.3251 21.2829 21.317 21.3046 21.3498 21.332 
21.2938 21.3395 21.276 21.3205 21.3412 21.3367 21.3146 21.2814 21.2611 21.3325 21.3222 21.2174 21.323 21.3176 21.2922 21.3313 21.3114 21.3099 21.3173 21.3095 21.3339 21.3429 21.3085 21.321 21.3275 21.3057 21.3119 21.3293 21.3311 21.3045 21.3094 21.3106 21.2799 21.291 21.2832 21.2271 21.3253 21.2756 21.2783 21.2964 21.327 21.262 21.1587 21.2731 21.3261 21.3251 21.2829 21.317 21.3046 21.306 21.332 
20.0621 20.0089 20.1747 20.2066 20.1847 20.0757 20.0167 20.002 20.007 20.1241 20.5147 20.0463 20.0181 20.1138 20.0163 20.0597 20.0014 20.0354 20.7173 20.2255 20.0028 20.002 20.0181 20 20 20.0602 20.1668 20.0726 20.0295 20.0189 20.0097 20.0118 20.1053 20.0025 20.0304 20.0027 20.0465 20.2594 20.6258 20.1697 20.0706 20.0002 20.585 20.0038 20.0015 20.0002 20.4478 20.0307 20.004 20.0024 20.0535 
