9063.39 3444.66 9443.34 3933.91 3826.93 3239.62 7419.85 5954.89 4295.89 8650.77 10447.3 7967.61 4435.44 6011.06 12615.7 20782 15989.4 4579.98 8863.47 7906.74 5632.38 3180.48 10138 12914 6814.55 5860.34 2223.99 12631 4035.41 7771.62 17924.9 6460.07 2582.13 9053.32 5424.89 6624.38 4782.92 5899.08 10520.5 11816.9 4811.91 13636.5 6123.36 9052.87 10035.5 3428.47 9266.61 6268.29 3551.44 4456.18 6354.13 
2459.12 3444.66 5214.29 2896.51 2368.89 2432.95 1987.39 1937.51 1808.75 2398.82 2067.98 2645.71 3084 2579.85 2618.24 1510.3 1988.89 3089.44 1920.4 1601.19 2345.59 2010.47 2566.81 2729.29 3481.38 2913.73 2223.99 1579.21 2591.74 2280.49 2466.64 3033.21 2253.9 2939.08 1777.33 4609.51 4245.2 2819.48 3850.86 2594.23 2794.21 2077.11 926.197 4223.69 2293.63 2976.12 2592.05 1856.81 1956.8 2091.26 3022.74 
1551.2 1628.19 2065.15 1829.08 1626.9 1546.31 1097.23 1697.95 1261.98 1270.39 2067.98 1441.36 1339.08 1934.5 2014.58 1510.3 1564.02 1567.7 1444.38 1406.18 1973.93 1520.98 1736.34 1749.92 2024.82 2469.96 1689.09 1209.16 1845.07 1732.26 1704.34 2201.23 1442.47 2002.45 1767.34 1789.46 2101.19 1930.1 1770.01 1396.77 1515.73 1659.7 926.197 1523.73 1750.22 1483.8 2176.3 1546.78 1319.71 1415.13 1264.14 
949.972 830.315 968.789 1016.39 1083.48 953.472 943.981 992.405 960.403 912.834 921.7 825.594 688.823 803.95 1069.23 956.489 786.333 840.892 744.802 883.601 850.469 1069.46 895.202 906.633 990.298 928.502 614.773 775.842 1069.84 1031.56 790.456 1179.21 713.646 1189.67 1159.46 792.333 908.421 1057.74 996.939 1125.84 1015.86 834.054 923.088 1152.61 857.133 828.752 965.448 803.043 900.732 908.865 990.222 
642.429 542.463 535.774 531.662 596.678 610.77 515.343 575.438 545.251 645.41 532.941 531.655 511.831 537.003 551.753 566.671 519.495 653.278 539.047 577.948 513.135 509.067 663.92 532.77 643.807 702.758 511.321 553.438 686.815 565.825 591.376 661.932 665.72 663.356 656.481 677.879 554.983 671.157 540.823 549.352 668.029 570.248 665.279 565.226 512.326 533.553 635.908 578.94 621.065 650.792 588.759 
509.831 473.467 467.322 468.831 469.986 511.928 466.391 476.515 487.833 520.138 469.972 471.112 466.15 475.701 493.688 485.395 468.772 521.479 466.077 476.217 467.828 482.864 557.501 471.019 557.582 559.684 464.899 469.721 513.833 486.567 493.665 490.485 536.628 522.513 518.68 559.598 466.955 497.255 467.569 474.411 522.174 511.5 526.378 471.828 463.621 475.194 493.73 477.09 515.7 550.377 477.566 
503.8 463.517 463.161 463.275 463.248 506.72 463.156 463.529 481.89 507.034 463.39 463.379 463.409 463.837 464.777 463.711 463.434 501.807 463.172 463.611 462.965 463.879 511.26 463.446 550.566 550.737 463.23 463.475 463.466 478.41 481.546 464.988 503.862 468.923 466.398 550.868 463.208 497.255 463.143 463.66 503.335 500.778 500.783 463.033 463.043 463.681 466.714 463.483 502.779 495.88 463.359 
501.603 462.865 462.91 462.757 462.749 506.103 462.812 462.911 480.721 506.203 462.708 462.967 462.811 463.076 463.09 463.015 462.826 500.269 462.811 463.133 462.814 463.007 506.892 462.942 549.87 549.913 462.939 463.08 455.545 472.138 480.947 463.178 486.852 463.374 463.072 549.996 462.673 497.255 462.733 462.781 501.961 500.138 500.236 462.65 462.83 462.997 463.311 462.92 501.891 466.941 462.968 
501.339 462.38 462.769 462.512 462.419 506.082 462.78 462.341 480.36 506.08 462.459 462.559 462.395 462.857 462.802 462.725 462.353 500.029 462.477 462.839 462.762 462.467 506.085 462.8 549.613 549.595 462.781 462.51 454.62 471.484 480.726 462.793 479.443 462.782 462.715 549.607 462.434 496.049 462.413 462.37 501.307 499.796 499.855 462.424 462.765 462.81 462.524 462.811 501.317 463.281 462.785 
501.339 462.336 462.761 462.343 462.388 506.082 462.761 462.318 480.186 506.08 462.319 462.372 462.307 462.764 462.607 462.35 462.307 499.686 462.342 462.763 462.761 462.322 506.082 462.761 549.596 549.568 462.761 462.311 454.36 466.242 480.711 462.336 476.965 462.415 462.395 549.562 462.326 493.145 462.329 462.335 501.294 499.608 499.61 462.308 462.761 462.761 462.322 462.763 501.294 462.869 462.761 
501.339 462.336 462.761 462.336 462.388 506.082 462.761 462.318 480.185 506.08 462.307 462.309 462.307 462.761 462.399 462.307 462.307 499.592 462.318 462.761 462.761 462.318 506.082 462.761 549.596 549.564 462.761 462.307 454.293 464.547 480.711 462.335 465.731 462.307 462.318 549.561 462.307 493.145 462.307 462.335 501.294 499.597 499.586 462.307 462.761 462.761 462.322 462.761 501.294 462.769 462.761 
501.339 462.336 462.761 462.336 462.388 506.082 462.761 462.318 480.185 506.08 462.307 462.307 462.307 462.761 462.344 462.307 462.307 499.586 462.318 462.761 462.761 462.318 506.082 462.761 549.596 549.561 462.761 462.307 454.291 464.505 480.711 462.335 464.493 462.307 462.318 549.561 462.307 479.715 462.307 462.335 501.294 499.597 499.586 462.307 462.761 462.761 462.322 462.761 501.294 462.761 462.761 
501.339 462.336 462.761 462.336 462.388 506.082 462.761 462.318 480.185 506.08 462.307 462.307 462.307 462.761 462.344 462.307 462.307 499.586 462.318 462.761 462.761 462.318 506.082 462.761 549.596 549.561 462.761 462.307 454.291 464.505 480.711 462.335 462.374 462.307 462.318 549.561 462.307 479.392 462.307 462.335 501.294 499.597 499.586 462.307 462.761 462.761 462.322 462.761 501.294 462.761 462.761 
501.339 462.336 462.761 462.336 462.388 506.082 462.761 462.318 480.185 506.08 462.307 462.307 462.307 462.761 462.344 462.307 462.307 499.586 462.318 462.761 462.761 462.318 506.082 462.761 549.596 549.561 462.761 462.307 454.291 464.505 480.711 462.335 462.374 462.307 462.318 549.561 462.307 479.392 462.307 462.335 501.294 499.597 499.586 462.307 462.761 462.761 462.322 462.761 501.294 462.761 462.761 
