2.1509e+07 1.64163e+07 2.44473e+07 1.6869e+07 1.58729e+07 2.07508e+07 2.56833e+07 2.71949e+07 2.60407e+07 1.55604e+07 1.33292e+07 1.74561e+07 1.37351e+07 2.30991e+07 2.53064e+07 2.2403e+07 2.29313e+07 3.16425e+07 1.34929e+07 1.32003e+07 3.19709e+07 2.00503e+07 1.64092e+07 2.39735e+07 1.5609e+07 2.04422e+07 1.8987e+07 1.7908e+07 1.96021e+07 2.06429e+07 1.70418e+07 2.79174e+07 1.92358e+07 2.10434e+07 1.6265e+07 1.14512e+07 2.28058e+07 1.74585e+07 3.06779e+07 2.36093e+07 2.50745e+07 2.80141e+07 2.42371e+07 1.86807e+07 2.23768e+07 2.39375e+07 2.34198e+07 2.09585e+07 1.5797e+07 2.08525e+07 2.0686e+07 
3.2208e+06 2.72374e+06 2.93993e+06 1.81865e+06 2.37775e+06 2.00126e+06 2.53078e+06 2.80264e+06 2.17739e+06 3.04047e+06 4.0885e+06 3.21497e+06 2.02678e+06 2.89108e+06 2.89367e+06 2.94931e+06 2.40051e+06 1.48026e+06 2.65747e+06 1.97554e+06 2.0699e+06 2.47735e+06 2.11591e+06 2.35178e+06 2.04803e+06 3.73557e+06 1.36729e+06 2.80827e+06 2.41855e+06 2.07848e+06 1.41126e+06 2.3129e+06 2.52454e+06 1.77819e+06 2.41223e+06 1.78569e+06 3.3032e+06 4.15648e+06 3.11075e+06 2.95037e+06 3.94478e+06 2.24286e+06 2.81041e+06 4.30712e+06 1.98258e+06 2.96264e+06 2.23793e+06 3.63392e+06 2.39712e+06 3.3068e+06 1.97949e+06 
200423 350907 436857 397866 266741 406048 382613 347460 356221 570132 241394 419587 435008 319573 434558 409103 484117 377374 362924 517942 302553 333011 288897 347904 190760 293255 691417 261139 333018 390240 314491 404535 353702 311921 335703 237625 658494 435722 402059 537945 535505 407578 374083 426794 223001 195439 274341 254789 343885 567355 429537 
8935.65 8815.52 4487.4 6503.35 3662.06 7832.66 8573.85 13432.7 11207 7318.11 8147.04 5185.95 8266.33 8315.5 9043.18 4868.6 13451 10402.7 7425.57 10723.8 6959.44 9218.95 7507.43 6613.37 4778.88 13719 9235.45 6961.05 7326.07 10908.3 4822.09 10496.4 6253.07 5362.47 7096.19 18976 12349.1 6262.98 12859.6 10671.2 12490.6 9680.98 5618.69 11461.5 7902.95 8669.44 12744.1 10127.5 9737.37 6596.37 8802.35 
85.3187 85.2004 84.8173 85.4815 85.6032 82.3488 82.9235 83.1165 87.5658 78.0161 84.276 86.6718 88.2174 83.8591 88.2398 83.5912 85.2433 85.1769 86.1284 89.4821 86.2315 81.6983 86.7076 85.0311 86.5963 81.9709 81.9125 85.0838 83.4779 84.4055 85.0115 85.4275 80.1614 78.7964 84.3955 87.8993 81.0247 83.1749 83.7996 87.4645 82.48 83.0356 85.9419 83.9325 83.701 81.3406 84.478 81.8072 84.6793 85.2296 85.8215 
73.8144 76.9496 72.7019 73.7695 70.1684 72.6904 71.9366 73.5615 73.9947 70.4362 68.8104 69.019 74.4148 71.9602 75.8229 68.14 70.0313 68.671 71.5512 74.4329 72.2067 73.2562 71.9335 71.1409 66.1469 71.5246 72.4803 73.5466 72.5073 73.3051 75.4382 73.375 72.6576 73.034 74.8315 70.8615 72.1995 70.9169 69.2069 71.8734 69.8663 69.5243 70.4869 71.3225 67.2851 71.0086 73.0386 71.2939 71.881 71.7468 71.3061 
69.4923 69.1123 69.577 72.0649 67.2642 71.1392 65.9137 62.0913 69.9834 67.9347 68.8104 69.019 66.1985 66.5525 67.1643 68.14 69.0498 65.9579 71.1174 69.643 65.8229 69.0622 71.4072 66.9557 66.1469 66.8281 69.3973 64.7308 67.9823 64.2358 71.2914 69.9677 68.8555 69.4395 65.7572 66.8776 68.8787 67.7256 68.4093 70.2067 68.2551 69.5243 68.8947 70.2182 67.2851 64.7987 67.6712 69.0382 69.7504 68.7665 69.5984 
64.1202 67.0904 60.863 62.6148 63.2637 62.9839 64.0165 58.3929 62.5608 64.0399 66.3638 63.3667 66.1533 62.9256 66.6202 64.5437 64.1371 61.5593 63.1747 61.5266 62.4396 66.3483 66.7026 63.2858 63.1196 64.4096 63.9586 64.4065 65.7659 61.4524 67.1558 66.6812 64.073 64.8713 65.7572 60.228 66.2386 62.0977 67.8843 66.1821 64.7946 61.8296 60.5725 66.9621 62.6644 63.7537 67.1936 65.4949 63.5124 62.1038 64.4012 
61.2987 61.7724 58.4925 61.5223 59.3464 61.852 58.8684 56.3381 59.0477 61.0501 58.5757 59.7593 60.6375 54.7564 63.2047 56.3524 60.3506 53.7913 59.6703 60.0856 60.0021 61.0785 62.4589 60.9427 56.5785 52.6678 60.0296 60.7005 58.18 61.2777 62.9625 60.6271 59.8455 62.9759 58.0915 56.9118 61.0083 60.5514 60.7616 59.0057 59.0822 59.8622 57.8214 59.8301 59.1106 60.1725 61.6017 60.9988 61.9275 60.0004 56.7732 
57.6946 57.94 57.8032 57.789 52.8121 56.0184 54.9773 55.1143 56.5903 53.2714 56.9216 56.934 58.0921 52.6676 55.5356 53.505 56.4211 52.8181 57.5274 56.2904 54.5911 55.7403 57.1277 56.207 53.6252 52.0569 57.7192 53.8469 55.9356 55.5384 59.9913 58.0953 53.9507 59.5323 58.0915 56.6665 57.8978 57.2421 53.3715 54.4691 57.5558 56.6114 53.3986 57.0919 57.9194 57.7605 58.7469 56.9124 56.3453 57.8912 55.2891 
53.2796 52.4791 52.5779 50.5125 50.6764 53.687 48.5441 49.4471 52.2873 49.3765 51.4276 51.3387 51.0269 52.2699 53.3925 49.3386 51.3753 51.4908 51.9962 51.969 50.1531 50.882 53.3451 50.1825 46.9701 51.552 51.1277 49.9816 51.0217 45.7242 54.4651 54.2591 50.9515 55.169 54.0288 53.317 54.4147 55.2221 51.5023 45.5155 52.161 50.77 45.9162 49.6183 54.5046 54.0088 55.1477 53.322 50.417 52.934 53.9813 
40.0535 37.0881 38.1837 40.9787 39.2272 41.5057 38.5839 38.6923 40.4989 39.4707 43.4036 42.9201 35.6818 43.9379 39.8594 39.6005 38.0417 37.9784 39.2737 40.6824 42.0246 42.5168 38.5689 39.0672 37.4077 37.0538 39.0785 36.6441 39.3622 38.6144 42.2873 40.2002 40.223 39.1313 37.7109 41.7112 40.7882 43.9978 38.1186 35.6799 36.1899 44.3157 37.0297 38.8563 39.8579 41.3968 40.8827 41.4802 38.5187 40.3609 41.752 
32.1143 29.9236 28.7532 29.5787 26.8068 30.8877 28.7963 28.7861 31.068 30.5302 29.6892 32.5406 28.8787 30.7896 31.5067 30.3179 28.2725 27.0613 27.9496 31.8802 29.2638 29.619 30.467 31.0739 29.4688 30.3955 27.4971 30.2198 29.6612 29.611 33.7802 33.2548 31.6716 30.7063 28.4885 29.7581 30.499 31.9321 29.2017 30.6892 29.6778 32.3047 26.9214 30.5271 29.369 31.8406 31.4661 30.9397 30.8776 30.7143 31.2841 
11.8996 14.4836 14.6049 14.1476 12.0951 14.7037 12.4652 11.6415 11.5374 12.2373 11.0191 14.064 12.2053 15.4098 13.3455 12.142 13.7568 11.0489 13.929 13.2474 12.7064 15.4315 12.3549 16.3818 12.347 12.0196 12.4546 12.5068 12.1897 14.3468 15.8708 11.9351 12.3584 11.8136 13.1925 11.4668 11.2979 13.6241 9.57774 13.5591 11.7378 15.5993 11.3958 15.8639 12.3362 13.6155 11.817 10.5571 12.9819 11.4437 14.5484 
