5.65517e+06 6.91584e+06 8.09986e+06 7.81851e+06 8.46959e+06 6.84109e+06 6.66147e+06 6.82258e+06 6.15259e+06 6.06467e+06 5.00328e+06 7.83366e+06 6.35315e+06 5.83092e+06 7.79548e+06 3.53014e+06 7.4039e+06 4.72256e+06 5.89478e+06 9.80066e+06 2.70254e+06 3.69822e+06 5.64899e+06 7.35527e+06 7.61224e+06 6.43378e+06 7.51552e+06 7.14159e+06 6.74573e+06 8.00357e+06 5.80551e+06 8.995e+06 5.23841e+06 5.02783e+06 7.50273e+06 3.3736e+06 6.24949e+06 6.59166e+06 8.71914e+06 4.449e+06 5.74321e+06 5.07163e+06 9.66491e+06 6.93402e+06 7.3009e+06 4.28354e+06 4.86632e+06 6.90507e+06 8.00592e+06 8.15813e+06 5.64501e+06 
1.27244e+06 1.88276e+06 478359 1.72995e+06 1.37539e+06 1.42117e+06 1.20122e+06 1.24761e+06 1.55775e+06 1.4256e+06 1.36924e+06 1.37415e+06 1.24968e+06 1.43219e+06 1.46886e+06 1.49213e+06 1.05647e+06 1.29261e+06 1.13791e+06 1.47022e+06 951460 1.06643e+06 1.09883e+06 806330 1.75238e+06 1.35198e+06 848821 1.31479e+06 1.63269e+06 1.2623e+06 1.07181e+06 1.49e+06 1.17671e+06 816556 1.79606e+06 1.03436e+06 1.16565e+06 1.09678e+06 1.84922e+06 1.09766e+06 1.4418e+06 780852 1.30746e+06 1.15993e+06 1.60243e+06 1.6118e+06 1.42833e+06 1.15378e+06 790086 1.73354e+06 1.52999e+06 
538094 501782 431982 542880 626392 593746 489501 455280 502532 658381 582734 432175 525895 431166 421497 529566 558725 426261 509373 442549 516230 407806 403743 351964 508234 615724 366965 494420 731027 724808 367201 503568 330921 286969 417830 428554 551296 469969 559784 401839 550901 225926 371484 315881 500120 596423 317715 310039 278640 457115 413436 
140841 109495 106899 100902 110398 108446 116222 127883 171070 138282 122940 132726 174528 96846.2 110258 100221 156247 152010 65581.7 100517 88283.8 127516 93464.3 111949 148630 124974 76088.3 131992 149954 170738 60610.7 151876 102141 72211.4 114954 118694 125843 117137 100697 126526 109930 94748.4 107647 66530.9 99024.8 150338 88099 88206.6 94285.9 151060 122056 
17271.9 18660.3 17235.1 18911 18518.7 15978.1 18027 19064.4 18700.2 16629.1 20182.3 18018.1 23596.8 19654.8 16117.1 15226.3 19982 20897.9 15745.7 16402 17734.1 18866.5 17048.6 17250.8 19257.9 18435 16762.1 17156.2 16297 20332.4 16162.1 19332.1 16069 14642.5 17531.6 16868.1 17635.2 16342.7 17074.1 16978.4 18861.3 15281.3 18070.4 15179.2 18241.4 18737.1 14702.4 15846.7 16921.1 20047.6 14779.7 
8673.51 8412.77 8564.67 9196.91 9309.81 8970.46 8822.54 8456.27 8713.98 9036.86 9669.62 8278.27 9161.11 9325.88 8715.34 8768.39 8064.78 9011.17 8940.92 8121.42 9076.63 9290.11 9118.61 9053.76 8491.01 8777.98 8578.88 8192.19 8774.14 8479.8 8627.57 9081.02 9095.38 8926.93 9005.14 9310.99 8806.68 8872.76 8297.26 8784.68 8504.46 8440.43 8923.76 8648.64 9377.24 9180.21 8689.91 8259.27 8390.28 9311.63 8229.51 
8510.57 8312.17 8419.65 8934.01 9164.62 8584.77 8705.3 8284.32 8489.82 8980.47 9483.95 8087.68 8573.67 8728.45 8572.69 8638.08 7849.24 8816.54 8844.93 7894.27 8905.09 9068 8985.4 8799.42 8062.44 8571.85 8311.99 8035.6 8705.68 8313.27 8473.55 8939.64 8962.53 8864.75 8840.57 9082.58 8641.39 8757.11 8062.99 8704.3 8144.5 8287.57 8722.45 8513.09 9303.13 8397.67 8574.4 8100.8 8312.83 9181.95 8147.07 
8509.14 8309.18 8413.34 8928.48 9159.74 8573.56 8701.46 8280.31 8482.68 8976.72 9479.55 8076.85 8566.36 8723.37 8565.98 8636.34 7844.8 8810.14 8841.54 7889.85 8898.91 9065.84 8982.04 8794.3 8058.95 8567.18 8309.84 8031.59 8700.4 8309.93 8467.89 8935.18 8959.5 8862.79 8837.09 9076.87 8636.45 8751.28 8061.47 8700.84 8139.9 8285.04 8718.49 8510.3 9298.6 8387.59 8566.15 8099.13 8309.9 9179.81 8143.74 
8507.37 8307.32 8412.03 8927.89 9158.13 8571.72 8700.44 8278.25 8482.53 8975.97 9478.26 8059.85 8564.37 8721.68 8564.65 8634.76 7843.84 8809.71 8838.91 7888.4 8897.61 9064.98 8979.74 8792.33 8057.73 8565.4 8308.64 8029.41 8700.18 8307.45 8465.14 8932.58 8957.84 8861.71 8835.03 9075.43 8634.4 8748.45 8058.93 8699.98 8138.15 8283.94 8716.42 8508.15 9297.52 8385.98 8565.5 8097.53 8308.2 9178.56 8142.65 
8506.26 8306.57 8410.83 8926.17 9157.09 8569.34 8699.12 8276.94 8480.54 8975.03 9476.91 8057.49 8562.17 8719.27 8562.9 8633.53 7842.78 8807.77 8838.41 7886.86 8896.39 9064.03 8978.43 8790.49 8055.88 8563.66 8306.89 8028.55 8699.46 8306.84 8463.92 8931.79 8956.37 8860.67 8833.24 9073.89 8632.82 8747.18 8057.19 8698.58 8136.99 8282.03 8715.17 8507.22 9296.51 8384.18 8564.3 8096.76 8307.27 9177.69 8141.37 
8505.82 8306.39 8410 8925.42 9156.13 8569.05 8698.51 8276.48 8479.7 8974.38 9475.97 8055.82 8561.66 8719.04 8562.3 8633.03 7841.37 8807.07 8837.54 7886.67 8895.66 9063.77 8977.84 8790.06 8055.48 8563.13 8306.01 8028.12 8698.9 8305.98 8463.14 8931.41 8956.23 8859.62 8832.89 9073.26 8632.08 8746.43 8056.58 8697.79 8135.4 8282 8714.22 8507 9296.09 8383.48 8563.66 8095.57 8306.53 9176.96 8140.62 
8504.45 8305.25 8408.27 8925.07 9155.2 8568.69 8698.36 8275.16 8478.91 8974.32 9475.05 8054.65 8561.48 8718.92 8561.68 8632.01 7840.22 8806.97 8836.19 7885.23 8895.28 9062.53 8977.47 8789.75 8054.35 8562.37 8304.67 8027.32 8698.39 8304.28 8462.94 8930.51 8954.99 8859.13 8832.23 9072.94 8631.54 8745.57 8054.69 8697.17 8134.34 8278.66 8713.14 8506.61 9295.53 8382.89 8563.34 8094.21 8305.04 9176.76 8138.98 
8503.32 8304.01 8407.1 8923.49 9153.65 8565.38 8695.73 8274.12 8477.59 8969.79 9473.07 8053.4 8557.96 8716.69 8559.79 8630.84 7838.84 8804.76 8834.84 7884.03 8892.68 9061.83 8974.93 8787.66 8053.27 8560.51 8302.82 8025.84 8697.01 8302.6 8459.47 8929.2 8953.82 8856.39 8829.01 9071.13 8630.8 8743.72 8053.32 8695.67 8132.36 8276.5 8711.64 8504.72 9294.1 8379.85 8561 8091.95 8303.9 9174.82 8137.63 
8502.8 8303.31 8406.66 8921.91 9152.53 8565.25 8695.66 8273.43 8476.96 8969.54 9472.56 8052.67 8557.84 8715.84 8559.02 8630.32 7838.17 8804 8833.93 7883.55 8891.86 9061.39 8974.08 8786.72 8052.63 8559.68 8301.72 8025.29 8696.24 8301.6 8459.45 8928.49 8953.26 8854.1 8827.7 9070.62 8630.39 8743.12 8052.75 8694.99 8131.06 8275.06 8710.84 8504.07 9294.1 8379.19 8559.21 8091.6 8303.4 9174.81 8136.53 
