2082.47 2095.83 2512.29 2970.24 2317.21 2997.88 1903.67 2216.18 2582.08 2937.18 2447.55 3221.79 2803 2104.14 2485.08 2868.73 2917.74 2743.38 2811.66 2770.05 2643.12 2828.1 2872.16 1991.46 2604.3 2505.91 2917.78 2546.02 3416.01 2345.37 3267.98 2785.8 3044.74 2946.66 3260.94 2911.03 2193.09 2265.98 2803.91 3035.92 3360.73 2848.83 3145.64 2933.28 2614.22 3104.02 2302.94 2894.85 2535.48 2278.91 1969.74 
935.032 1144.02 1071.8 1030.85 862.068 1083.76 990.102 1026.96 1140.08 913.947 984.667 911.004 1120.77 974.931 960.493 1002.59 1142.99 1047.49 1064.14 946.272 1108.37 1075.29 1052.21 969.735 922.226 1007.2 1035.15 1121.39 1146.76 996.459 1086.76 691.871 1053.14 898.202 1016.12 869.085 1020.02 1046.49 715.403 1098.49 1211.29 820.745 966.203 992.362 1105.02 1115.61 1054.05 1000.4 978.549 953.145 839.322 
597.754 647.376 611.629 577.255 529.741 582.256 563.671 565.411 641.893 606.053 558.257 573.441 623.702 561.431 553.386 524.691 657.244 521.211 529.481 559.947 574.073 582.332 572.563 616.995 512.686 656.321 652.596 570.447 622.578 557.465 570.299 526.529 607.154 573.351 621.052 592.279 475.75 659.239 622.492 583.156 653.334 596.195 593.066 587.461 629.165 613.341 615.334 533.527 577.159 534.899 550.716 
276.544 264.461 251.593 265.607 275.475 277.521 284.169 277.982 269.429 303.946 268.725 279.487 279.408 275.544 262.77 275.696 280.365 270.308 292.249 281.718 273.632 282.234 283.842 286.853 290.509 271.811 285.96 277.208 274.481 283.893 281.152 260.94 257.659 284.581 273.478 271.815 281.086 286.706 265.375 279.383 297.738 278.204 283.936 281.237 283.928 278.738 283.311 279.071 271.571 256.72 269.907 
124.065 127.315 127.062 117.996 127.171 130.43 123.454 130.277 126.13 127.886 125.673 123.179 122.508 125.893 123.178 130.321 122.431 123.792 128.601 129.263 122.711 122.979 124.988 124.299 123.808 124.775 125.844 127.709 125.893 126.338 131.05 121.239 121.855 123.758 126.093 123.467 123.563 125.432 124.476 121.567 130.345 124.685 124.055 126.366 129.679 125.108 127.98 127.497 120.762 123.74 124.293 
94.6187 96.3039 96.9495 96.2632 99.9769 97.7022 95.4483 96.7516 95.8518 99.1641 96.9861 96.1905 97.6531 96.8236 97.008 99.577 98.7137 96.7262 98.8429 98.8822 95.8456 96.1 97.0567 95.2818 97.1915 96.4713 99.1164 96.7441 95.5591 97.8938 95.1059 96.3333 94.6712 95.1036 97.1816 99.8032 95.8739 97.1809 96.6604 96.2482 95.3836 96.4246 96.7526 96.6073 95.4118 98.6 96.7891 95.5812 94.7286 95.4203 95.9841 
93.2031 94.5679 94.6399 94.6819 98.1772 95.2161 94.1577 93.9735 94.1906 96.7807 95.0557 94.9025 95.8898 94.5972 95.342 96.4834 96.6725 95.2903 96.2828 96.1946 94.4892 94.5079 95.1134 93.569 94.9222 95.028 96.5087 94.6264 93.103 96.0662 93.4713 94.7787 93.3247 92.8889 95.4009 98.159 94.2374 94.9567 95.181 94.7978 93.3188 94.3654 95.0131 94.8847 93.6325 96.6555 95.0933 93.713 93.5079 94.1341 94.281 
92.9706 93.9077 94.1467 93.6305 97.6572 94.7643 93.8473 93.7395 93.3951 96.2415 94.5876 94.4383 95.4869 94.3147 94.4643 95.8226 95.9367 95.0139 95.7561 95.909 94.2653 94.2931 94.0778 93.1488 94.2479 94.5296 95.9022 94.1151 92.5629 95.6314 93.0632 94.4599 92.9453 92.626 94.568 97.801 93.6406 94.5381 94.6297 94.4049 92.8229 93.8844 94.3783 94.2734 92.9536 95.9177 94.6613 93.4735 92.9637 93.6436 93.5383 
92.8339 93.4036 93.7478 93.54 97.278 94.3077 93.5949 93.5102 93.0005 95.6091 94.3568 94.1366 95.3544 93.8599 94.0869 95.6695 95.4877 94.769 95.5258 95.6509 94.1149 94.026 92.806 92.9099 93.8502 93.1938 95.612 93.915 92.4685 95.3924 92.7136 94.2692 92.7929 92.5682 94.4044 97.5921 93.37 94.2454 93.2945 94.1496 92.7131 93.7052 94.0458 94.0463 92.7459 95.6992 94.3888 92.9996 92.6519 93.3926 93.4315 
92.703 93.1768 92.62 93.5031 97.0652 93.8597 93.3195 93.1257 92.6543 95.1319 94.1084 93.9638 94.5303 93.5498 93.6942 95.4476 94.8897 94.3822 95.316 94.7203 93.888 92.8048 92.6537 92.7353 93.6102 92.9824 95.3026 93.7203 92.4428 94.8694 92.3633 94.0381 92.5964 92.4102 94.1196 97.3936 93.2365 94.031 93.077 93.8872 92.3971 93.4317 93.697 93.9009 92.4333 95.3404 94.1328 92.6537 92.4382 93.2426 93.4039 
91.522 92.7553 92.5384 93.4996 96.776 93.4921 93.143 92.9729 92.2156 93.8443 93.9285 93.8113 93.7779 93.3579 93.2953 94.3279 94.6175 94.1081 95.0973 94.197 93.85 92.6492 92.6368 92.3515 93.2855 92.9594 94.0136 93.3962 92.4417 94.6509 92.2472 93.8597 92.3972 92.2834 92.9233 97.0007 93.0648 93.6977 93.0341 93.7486 92.1704 92.906 93.4411 93.648 92.304 95.1751 93.8549 92.5624 92.0625 93.0926 93.402 
91.4535 92.1334 92.5316 93.4994 96.7441 92.1858 92.9842 92.6515 92.0167 93.6897 93.7404 93.4511 93.5995 93.2813 93.0012 94.2659 94.3573 93.9056 94.7962 94.1238 93.8366 92.601 92.6332 91.0667 92.8627 92.9581 93.8466 93.33 92.4409 94.5405 91.8752 93.7037 92.1023 91.0732 92.592 96.7418 91.6997 92.6092 93.031 93.5816 92.0495 91.4635 93.3287 93.5288 91.7437 94.9827 93.5643 92.3831 91.7866 92.9667 93.3999 
91.4467 91.0329 92.5286 93.4991 96.3698 91.7767 91.33 91.5339 91.8473 93.6743 92.3591 92.1132 93.5639 92.9301 92.7223 94.2617 94.246 93.8322 93.3783 94.1214 93.7872 92.6 92.6326 90.9875 92.8427 92.9578 93.8374 92.9301 92.4405 94.4852 91.7082 92.2962 90.7905 91.007 92.5798 96.3512 91.528 92.563 93.0293 93.4165 91.8428 91.3104 93.1434 93.3627 91.5718 94.4466 91.9686 92.2463 90.4147 91.6548 93.3991 
91.4461 91.0204 92.5282 93.499 95.2062 91.7725 91.2244 91.5274 90.1874 93.6731 92.272 92.053 93.563 91.6326 91.1315 94.2611 92.4833 92.4732 93.2779 94.1205 92.5508 92.5997 92.6325 90.9863 90.8446 92.9575 93.8354 91.9453 92.4404 93.0796 89.9298 92.0849 90.6288 91.0056 92.5789 94.9147 91.5257 92.562 93.0289 92.0053 90.4046 91.3058 91.5635 90.5428 90.098 93.3038 91.8953 90.9415 90.2536 91.5514 93.3989 
