No MATLAB command specified

                            < M A T L A B (R) >
                  Copyright 1984-2016 The MathWorks, Inc.
                   R2016b (9.1.0.441655) 64-bit (glnxa64)
                             September 7, 2016

 
To get started, type one of these: helpwin, helpdesk, or demo.
For product information, visit www.mathworks.com.
 
>> >> >> >> >> >> >> >> >> >> >> >> >> >> >> >> >> >> >> >> >> >> >> >> >> >> >> >> >> >> 
I_fno =

     1.0000e+000

>> >> >> >> >> 
run =

     1.0000e+000

>> run	 1, fitness	 0, avg.FFE	 54310	 2
>> >> >> >> >> >> >> >>   Columns 1 through 4

     0.0000e+000     0.0000e+000     0.0000e+000     0.0000e+000
     0.0000e+000     0.0000e+000     0.0000e+000     0.0000e+000
     0.0000e+000     0.0000e+000     0.0000e+000     0.0000e+000
     0.0000e+000     0.0000e+000     0.0000e+000     0.0000e+000
     0.0000e+000     0.0000e+000     0.0000e+000     0.0000e+000
     0.0000e+000     0.0000e+000     0.0000e+000     0.0000e+000
     0.0000e+000     0.0000e+000     0.0000e+000     0.0000e+000
     0.0000e+000     0.0000e+000     0.0000e+000     0.0000e+000
     0.0000e+000     0.0000e+000     0.0000e+000     0.0000e+000
     0.0000e+000     0.0000e+000     0.0000e+000     0.0000e+000
     0.0000e+000     0.0000e+000     0.0000e+000     0.0000e+000
     0.0000e+000     0.0000e+000     0.0000e+000     0.0000e+000
     0.0000e+000     0.0000e+000     0.0000e+000     0.0000e+000
     0.0000e+000     0.0000e+000     0.0000e+000     0.0000e+000
     0.0000e+000     0.0000e+000     0.0000e+000     0.0000e+000
     0.0000e+000     0.0000e+000     0.0000e+000     0.0000e+000
     0.0000e+000     0.0000e+000     0.0000e+000     0.0000e+000
     0.0000e+000     0.0000e+000     0.0000e+000     0.0000e+000
     0.0000e+000     0.0000e+000     0.0000e+000     0.0000e+000
     0.0000e+000     0.0000e+000     0.0000e+000     0.0000e+000
     0.0000e+000     0.0000e+000     0.0000e+000     0.0000e+000
     0.0000e+000     0.0000e+000     0.0000e+000     0.0000e+000
     0.0000e+000     0.0000e+000     0.0000e+000     0.0000e+000
     0.0000e+000     0.0000e+000     0.0000e+000     0.0000e+000
     0.0000e+000     0.0000e+000     0.0000e+000     0.0000e+000
     0.0000e+000     0.0000e+000     0.0000e+000     0.0000e+000
     0.0000e+000     0.0000e+000     0.0000e+000     0.0000e+000
     0.0000e+000     0.0000e+000     0.0000e+000     0.0000e+000
     0.0000e+000     0.0000e+000     0.0000e+000     0.0000e+000
     0.0000e+000     0.0000e+000     0.0000e+000     0.0000e+000

  Columns 5 through 8

     0.0000e+000    23.4080e-003    19.6078e-003     1.0649e+003
     0.0000e+000     0.0000e+000     0.0000e+000     0.0000e+000
     0.0000e+000     0.0000e+000     0.0000e+000     0.0000e+000
     0.0000e+000     0.0000e+000     0.0000e+000     0.0000e+000
     0.0000e+000     0.0000e+000     0.0000e+000     0.0000e+000
     0.0000e+000     0.0000e+000     0.0000e+000     0.0000e+000
     0.0000e+000     0.0000e+000     0.0000e+000     0.0000e+000
     0.0000e+000     0.0000e+000     0.0000e+000     0.0000e+000
     0.0000e+000     0.0000e+000     0.0000e+000     0.0000e+000
     0.0000e+000     0.0000e+000     0.0000e+000     0.0000e+000
     0.0000e+000     0.0000e+000     0.0000e+000     0.0000e+000
     0.0000e+000     0.0000e+000     0.0000e+000     0.0000e+000
     0.0000e+000     0.0000e+000     0.0000e+000     0.0000e+000
     0.0000e+000     0.0000e+000     0.0000e+000     0.0000e+000
     0.0000e+000     0.0000e+000     0.0000e+000     0.0000e+000
     0.0000e+000     0.0000e+000     0.0000e+000     0.0000e+000
     0.0000e+000     0.0000e+000     0.0000e+000     0.0000e+000
     0.0000e+000     0.0000e+000     0.0000e+000     0.0000e+000
     0.0000e+000     0.0000e+000     0.0000e+000     0.0000e+000
     0.0000e+000     0.0000e+000     0.0000e+000     0.0000e+000
     0.0000e+000     0.0000e+000     0.0000e+000     0.0000e+000
     0.0000e+000     0.0000e+000     0.0000e+000     0.0000e+000
     0.0000e+000     0.0000e+000     0.0000e+000     0.0000e+000
     0.0000e+000     0.0000e+000     0.0000e+000     0.0000e+000
     0.0000e+000     0.0000e+000     0.0000e+000     0.0000e+000
     0.0000e+000     0.0000e+000     0.0000e+000     0.0000e+000
     0.0000e+000     0.0000e+000     0.0000e+000     0.0000e+000
     0.0000e+000     0.0000e+000     0.0000e+000     0.0000e+000
     0.0000e+000     0.0000e+000     0.0000e+000     0.0000e+000
     0.0000e+000     0.0000e+000     0.0000e+000     0.0000e+000

>> >> >> >> >> >> >> >> >> 