8.06122 8.12109 8.44529 7.99537 8.01997 7.91953 7.87382 8.23711 8.17302 8.1357 7.82004 8.48168 8.04267 8.21099 7.94013 8.18202 7.84667 8.35441 7.84557 8.20711 7.7183 7.96656 7.50817 8.12482 8.33641 7.88266 7.71849 7.90143 7.67798 8.1258 8.37013 7.576 8.34342 7.53692 7.78698 7.61574 8.63837 8.16445 8.12086 8.0156 7.69272 8.23712 7.79664 8.15285 8.27111 7.83706 7.96505 8.13791 8.00797 8.218 7.94008 
5.38856 5.03817 5.38105 5.29374 5.05733 5.42122 5.09323 5.1493 4.95612 5.43215 5.35977 5.41155 5.44571 5.25124 5.56808 5.24828 5.13703 5.23515 5.40584 5.58913 5.21888 5.16875 4.85948 5.24276 5.25159 5.57198 5.26006 5.36253 5.08646 5.38557 5.13538 5.24381 5.412 5.07377 5.44162 5.44552 4.70229 4.91219 5.38014 5.5297 5.02611 5.19138 5.43302 5.50218 5.118 4.26062 5.32429 5.19854 5.28721 5.12881 5.25067 
3.83041 3.72154 3.71383 3.52128 3.69504 3.59688 3.43172 3.68377 3.69891 3.45712 3.78019 3.93676 3.4834 3.42113 3.90425 3.49286 3.64455 3.61231 3.7241 3.80976 3.50091 3.59921 3.42378 3.52623 3.76889 3.54499 3.33259 3.83318 3.66462 3.86284 3.58333 3.18669 3.60516 3.57963 3.42694 3.79221 3.58197 3.58146 3.4537 3.55221 3.64809 3.82397 3.59427 3.58515 3.5077 3.53209 3.75178 3.63939 3.18507 3.54966 3.8513 
0.744619 0.699119 0.604624 0.689592 0.642191 0.757458 0.699198 0.63951 0.754737 0.676519 0.602803 0.775663 0.761259 0.679166 0.780997 0.634204 0.603205 0.774805 0.686316 0.749391 0.825649 0.654349 0.746652 0.757799 0.782949 0.713735 0.754565 0.542866 0.738283 0.671185 0.55496 0.647003 0.59659 0.746601 0.698559 0.64812 0.729654 0.690534 0.721222 0.733775 0.72591 0.805126 0.65068 0.726991 0.650556 0.658778 0.755744 0.719503 0.639224 0.756044 0.599929 
0.664425 0.579236 0.573937 0.574052 0.622674 0.540862 0.637136 0.580589 0.573914 0.64431 0.602803 0.631752 0.561062 0.5934 0.56252 0.619814 0.524215 0.615633 0.650535 0.525007 0.557322 0.6208 0.571118 0.627253 0.662994 0.585237 0.5836 0.542866 0.587594 0.647928 0.539594 0.524392 0.59659 0.492764 0.574643 0.493777 0.602261 0.579758 0.55587 0.609833 0.547468 0.607031 0.551722 0.564595 0.5582 0.596214 0.575507 0.63984 0.576692 0.561269 0.580156 
0.56136 0.426972 0.477352 0.427976 0.585226 0.540862 0.566586 0.571741 0.558261 0.506056 0.43281 0.467486 0.532025 0.46488 0.506164 0.522184 0.524215 0.538332 0.426055 0.517205 0.480002 0.554032 0.567207 0.504765 0.523271 0.509351 0.5836 0.542866 0.578342 0.482663 0.513569 0.519787 0.456794 0.45043 0.492413 0.493777 0.50022 0.573851 0.524884 0.570342 0.43387 0.55654 0.416118 0.506225 0.520311 0.596214 0.546078 0.441931 0.521386 0.539362 0.510869 
0.556703 0.426972 0.464942 0.427976 0.523581 0.509558 0.479627 0.531148 0.488181 0.503558 0.4133 0.433179 0.388287 0.46488 0.506164 0.479936 0.473892 0.538332 0.426055 0.493106 0.480002 0.464979 0.477374 0.504765 0.501587 0.443913 0.533799 0.462874 0.497823 0.482663 0.467544 0.342129 0.456794 0.45043 0.492413 0.493777 0.426583 0.501659 0.418913 0.495766 0.417268 0.508373 0.416118 0.506225 0.484261 0.501211 0.473895 0.441931 0.521386 0.421131 0.494076 
0.465355 0.423266 0.408376 0.427976 0.501972 0.414589 0.479627 0.469823 0.390141 0.478476 0.4133 0.433179 0.388287 0.46488 0.474977 0.479936 0.409585 0.501072 0.426055 0.398168 0.38578 0.464979 0.477374 0.456679 0.501587 0.443913 0.512111 0.462874 0.484553 0.462713 0.467544 0.342129 0.456794 0.45043 0.492413 0.43736 0.426583 0.501659 0.418913 0.445257 0.397037 0.425119 0.416118 0.453298 0.469849 0.440243 0.473895 0.441931 0.496649 0.421131 0.427774 
0.438258 0.413711 0.408376 0.427976 0.467096 0.414589 0.479627 0.414594 0.390141 0.417625 0.36987 0.3956 0.388287 0.456128 0.411479 0.405275 0.385571 0.501072 0.426055 0.398168 0.38578 0.449954 0.477374 0.456679 0.473722 0.405915 0.442615 0.462874 0.46929 0.462713 0.432582 0.342129 0.456794 0.45043 0.492413 0.43736 0.407774 0.397549 0.418913 0.445257 0.389056 0.420963 0.416118 0.411432 0.413253 0.440243 0.462746 0.440052 0.350567 0.413751 0.427774 
0.438258 0.367403 0.370114 0.391822 0.379446 0.389048 0.438696 0.380427 0.390141 0.306565 0.303702 0.3956 0.388287 0.410048 0.363157 0.332935 0.385571 0.404465 0.389425 0.353804 0.38578 0.388915 0.462042 0.456679 0.390161 0.33397 0.382878 0.462874 0.375269 0.381119 0.369789 0.342129 0.434598 0.4468 0.449648 0.367214 0.376791 0.397549 0.418913 0.360238 0.333128 0.420963 0.39038 0.356489 0.413253 0.406541 0.369619 0.361385 0.350567 0.368071 0.427774 
0.343209 0.353815 0.370114 0.318708 0.374919 0.313362 0.381092 0.316437 0.36087 0.306565 0.278326 0.311585 0.388287 0.313498 0.285469 0.309635 0.347245 0.328938 0.340129 0.335332 0.359965 0.388915 0.444373 0.446361 0.390161 0.33397 0.342062 0.430658 0.363026 0.344202 0.369789 0.342129 0.399427 0.294656 0.303696 0.314896 0.317051 0.353082 0.337477 0.320397 0.333128 0.420963 0.32989 0.314666 0.310263 0.374387 0.360262 0.305498 0.350567 0.310763 0.427774 
0.291031 0.298683 0.370114 0.301285 0.362542 0.290323 0.307081 0.291523 0.324451 0.297395 0.257107 0.22452 0.357649 0.282437 0.273189 0.285142 0.317121 0.297616 0.295733 0.295388 0.29949 0.388915 0.394948 0.394035 0.390161 0.291878 0.266258 0.424825 0.344599 0.318813 0.299381 0.296299 0.399427 0.277574 0.303696 0.302669 0.29642 0.353082 0.312535 0.320397 0.31489 0.331541 0.306926 0.269211 0.310263 0.293907 0.289563 0.289984 0.255523 0.310763 0.308324 
0.276883 0.274488 0.327701 0.298676 0.240533 0.265802 0.303769 0.272196 0.259137 0.297395 0.23321 0.22452 0.262517 0.282437 0.264648 0.265292 0.262689 0.29331 0.295733 0.272179 0.256429 0.278943 0.337818 0.281415 0.390161 0.291878 0.266258 0.35391 0.283667 0.318813 0.248879 0.258015 0.284902 0.274961 0.303696 0.25705 0.286132 0.306649 0.282295 0.309991 0.268445 0.262212 0.279685 0.269211 0.310263 0.293907 0.265267 0.26817 0.255523 0.274555 0.260338 
0.276883 0.217736 0.20428 0.212051 0.240357 0.240579 0.270888 0.178592 0.191533 0.209477 0.1486 0.202608 0.205841 0.218758 0.226937 0.245617 0.262689 0.259325 0.295733 0.246521 0.224184 0.248797 0.254586 0.20103 0.219064 0.235016 0.246013 0.237515 0.229231 0.252047 0.184904 0.186972 0.188382 0.247655 0.263403 0.224369 0.22458 0.213858 0.240219 0.246904 0.232384 0.186869 0.260335 0.232886 0.19304 0.25007 0.220327 0.228378 0.236865 0.216842 0.253043 
