892.46 964.809 972.152 970.458 903.03 908.25 833.754 942.592 889.525 899.205 866.178 969.233 947.739 935.939 903.61 932.13 871.704 865.152 872.862 899.263 966.001 954.603 908.472 939.459 943.152 958.836 925.007 934.663 815.746 946.137 924.051 936.876 959.178 937.361 931.868 996.135 751.824 987.391 904.062 950.802 1042.91 956.555 925.637 929.42 930.718 904.961 934.576 942.195 927.381 953.302 970.507 
688.789 727.548 730.769 724.355 723.86 709.661 734.997 699.046 705.369 694.289 705.987 723.652 705.577 732.392 727.757 678.898 696.532 711.269 641.199 702.145 668.168 710.568 701.27 711.775 690.663 713.454 687.725 600.394 682.038 678.804 698.98 674.233 736.248 713.596 700.635 716.124 692.763 722.896 746.319 730.699 706.79 691.968 732.013 713.435 692.974 708.434 710.296 708.919 693.016 629.455 684.472 
584.883 587.927 595.9 580.641 567.107 589.17 592.085 577.106 591.355 590.9 584.891 593.851 597.19 575.725 605.858 589.523 591.375 586.783 575.793 592.786 579.551 578.786 593.141 592.575 599.008 600.608 593.424 588.687 607.661 585.011 589.081 600.487 553.688 592.21 557.631 583.753 595.57 589.947 594.807 592.629 605.617 597.329 599.803 602.985 578.225 585.01 591.837 591.519 598.245 589.1 598.357 
485.562 480.541 484.1 479.568 483.258 487.924 482.895 489.494 489.996 487.451 487.618 485.816 482.683 487.968 480.757 483.847 487.487 480.405 484.208 489.517 480.265 480.885 482.961 489.45 491.172 479.635 480.508 490.434 489.474 484.519 486.301 483.944 484.604 486.611 485.151 480.284 487.079 483.926 488.659 489.998 489.831 484.414 489.866 483.568 482.533 484.251 482.424 481.645 478.078 486.421 488.599 
418.267 411.807 414.2 412.887 412.004 411.836 418.204 418.781 415.222 415.545 414.183 417.101 410.082 417.324 414.14 419.917 420.409 410.631 415.013 417.134 412.595 414.033 417.488 417.431 413.564 408.719 415.839 420.331 412.241 415.139 418.592 415.334 414.589 411.787 420.574 421.978 413.476 414.579 414.565 415.328 416.152 416.635 414.836 412.392 415.449 413.157 412.688 412.402 411.495 411.035 415.648 
392.364 387.583 390.226 391.376 389.486 389.147 394.203 395.475 391.446 386.217 391.09 393.389 389.811 397.284 390.865 393.376 390.507 390.406 390.263 389.755 387.946 391.016 387.144 388.21 392.418 385.355 387.289 387.221 391.518 397.282 390.506 386.791 386.217 387.273 394.358 394.961 388.417 387.983 390.335 391.472 387.044 386.69 388.903 387.377 393.685 391.85 390.875 388.933 391.94 387.93 387.127 
392.28 387.539 390.197 391.296 389.175 389.115 392.394 393.004 391.411 386.155 391.038 393.36 389.768 397.246 389.254 391.901 388.711 390.367 390.218 389.694 387.913 390.92 387.065 388.182 392.362 385.323 387.251 387.103 391.49 397.206 390.344 386.553 386.145 387.216 393.785 394.9 388.375 387.898 390.3 391.342 387.01 386.616 388.848 387.297 393.559 391.814 390.83 388.748 391.908 387.891 387.07 
392.28 387.539 390.197 391.296 389.175 389.115 392.353 392.999 391.411 386.155 391.038 393.36 389.768 397.246 389.231 391.9 388.703 390.367 390.218 389.694 387.913 390.92 387.065 388.182 392.361 385.323 387.251 387.103 391.49 397.206 390.344 386.553 386.145 387.216 393.785 394.9 388.375 387.898 390.3 391.342 387.01 386.616 388.848 387.297 393.559 391.814 390.83 388.748 391.908 387.891 387.07 
392.28 387.539 390.197 391.296 389.175 389.115 392.353 392.999 391.411 386.155 391.038 393.36 389.768 397.246 389.231 391.9 388.703 390.367 390.218 389.694 387.913 390.92 387.065 388.182 392.361 385.323 387.251 387.103 391.49 397.206 390.344 386.553 386.145 387.216 393.785 394.9 388.375 387.898 390.3 391.342 387.01 386.616 388.848 387.297 393.559 391.814 390.83 388.748 391.908 387.891 387.07 
392.28 387.539 390.197 391.296 389.175 389.115 392.353 392.999 391.411 386.155 391.038 393.36 389.768 397.246 389.231 391.9 388.703 390.367 390.218 389.694 387.913 390.92 387.065 388.182 392.361 385.323 387.251 387.103 391.49 397.206 390.344 386.553 386.145 387.216 393.785 394.9 388.375 387.898 390.3 391.342 387.01 386.616 388.848 387.297 393.559 391.814 390.83 388.748 391.908 387.891 387.07 
392.28 387.539 390.197 391.296 389.175 389.115 392.353 392.999 391.411 386.155 391.038 393.36 389.768 397.246 389.231 391.9 388.703 390.367 390.218 389.694 387.913 390.92 387.065 388.182 392.361 385.323 387.251 387.103 391.49 397.206 390.344 386.553 386.145 387.216 393.785 394.9 388.375 387.898 390.3 391.342 387.01 386.616 388.848 387.297 393.559 391.814 390.83 388.748 391.908 387.891 387.07 
392.28 387.539 390.197 391.296 389.175 389.115 392.353 392.999 391.411 386.155 391.038 393.36 389.768 397.246 389.231 391.9 388.703 390.367 390.218 389.694 387.913 390.92 387.065 388.182 392.361 385.323 387.251 387.103 391.49 397.206 390.344 386.553 386.145 387.216 393.785 394.9 388.375 387.898 390.3 391.342 387.01 386.616 388.848 387.297 393.559 391.814 390.83 388.748 391.908 387.891 387.07 
392.28 387.539 390.197 391.296 389.175 389.115 392.353 392.999 391.411 386.155 391.038 393.36 389.768 397.246 389.231 391.9 388.703 390.367 390.218 389.694 387.913 390.92 387.065 388.182 392.361 385.323 387.251 387.103 391.49 397.206 390.344 386.553 386.145 387.216 393.785 394.9 388.375 387.898 390.3 391.342 387.01 386.616 388.848 387.297 393.559 391.814 390.83 388.748 391.908 387.891 387.07 
392.28 387.539 390.197 391.296 389.175 389.115 392.353 392.999 391.411 386.155 391.038 393.36 389.768 397.246 389.231 391.9 388.703 390.367 390.218 389.694 387.913 390.92 387.065 388.182 392.361 385.323 387.251 387.103 391.49 397.206 390.344 386.553 386.145 387.216 393.785 394.9 388.375 387.898 390.3 391.342 387.01 386.616 388.848 387.297 393.559 391.814 390.83 388.748 391.908 387.891 387.07 
