371.393 356.838 346.653 355.64 336.52 373.351 375.79 358.355 350.13 366.938 376.547 353.67 376.696 354.506 364.871 395.955 362.353 342.221 365.751 369.696 403.678 373.056 373.922 377.278 396.313 374.857 368.254 381.547 341.728 385.074 391.011 365.377 375.655 383.471 366.227 344.637 376.094 393.441 373.486 404.333 346.06 383.03 325.746 373.139 368.762 392.596 363.358 385.419 354.197 342.027 395.323 
313.553 310.138 291.415 312.428 313.672 300.667 300.348 304.237 308.231 325.596 312.968 326.777 303.711 306.445 302.38 305.711 308.587 289.044 320.644 307.327 326.491 315.575 304.114 287.069 309.989 314.344 311.524 310.039 302.174 325.906 308.808 302.552 293.481 312.404 316.494 325.206 314.116 316.31 323.736 313.229 318.543 310.191 285.154 297.171 309.843 319.77 300.931 313.112 304.635 308.603 298.499 
282.522 288.643 284.166 275.098 279.919 286.399 281.674 267.483 267.679 279.779 276.697 290.984 284.502 279.089 277.24 265.446 278.632 274.575 270.87 277.685 278.752 284.428 275.389 276.852 276.711 282.535 266.204 283.062 268.174 274.694 284.673 279.936 289.203 278.208 283.817 284.593 281.595 275.878 284.133 280.709 280.162 271.907 279.561 281.809 257.78 275.956 274.168 274.281 277.974 271.877 269.635 
236.782 248.109 249.044 242.039 243.205 243.119 247.685 237.622 241.483 243.141 242.976 244.751 242.753 233.641 239.494 233.662 237.693 244.606 240.391 243.3 243.991 245.59 239.514 239.178 235.627 241.888 241.786 240.181 243.142 242.945 245.334 248.611 242.613 241.056 240.237 242.475 242.387 246.337 241.047 242.638 240.485 244.674 242.934 244.687 243.524 243.189 242.842 247.114 247.441 239.678 242.968 
209.602 211.192 213.73 211.077 211.144 210.569 209.979 210.548 209.582 212.185 211.946 211.177 211.319 210.479 210.63 209.874 210.644 211.009 210.685 211.505 209.968 211.072 210.327 210.349 209.238 210.773 208.665 209.204 209.89 208.898 210.916 211.424 210.088 210.668 212.076 213.525 210.647 212.177 210.15 210.776 211.001 210.737 209.521 210.251 211.16 209.774 211.275 210.829 211.724 210.345 210.507 
205.703 205.15 206.459 205.259 205.203 205.876 205.133 205.679 205.349 205.337 205.421 205.828 205.105 205.205 205.778 205.152 205.5 205.303 206.21 206.081 205.235 205.059 205.632 205.29 205.277 205.812 205.194 205.392 205.366 205.081 205.495 205.632 205.636 205.231 205.889 205.169 205.32 205.183 205.487 205.061 205.548 206.003 205.68 205.488 205.142 205.134 206.312 205.505 205.7 205.246 205.3 
205.406 204.945 205.217 204.943 204.898 205.656 204.924 205.228 205.17 205.006 205.157 205.543 204.939 205.044 205.462 204.863 205.157 205.063 205.966 205.89 204.98 204.883 205.561 205.073 205.151 205.201 205 205.21 205.129 204.92 205.22 205.342 205.434 204.886 205.581 204.931 205.173 205.058 205.395 204.925 204.903 205.686 205.358 205.101 204.857 204.987 206.159 205.413 205.439 205.041 205.139 
205.309 204.943 205.147 204.888 204.896 205.655 204.922 205.212 205.157 204.947 205.154 205.541 204.938 205.035 205.447 204.862 205.149 205.06 205.965 205.889 204.933 204.882 205.561 205.071 205.143 205.177 204.999 205.196 205.123 204.892 205.219 205.29 205.431 204.884 205.561 204.927 205.147 205.057 205.394 204.881 204.875 205.683 205.354 205.075 204.848 204.987 206.146 205.412 205.351 205.04 205.136 
205.237 204.943 205.146 204.865 204.896 205.655 204.922 205.21 205.157 204.933 205.142 205.541 204.938 205.035 205.447 204.862 205.149 205.06 205.965 205.889 204.932 204.882 205.561 205.071 205.143 205.177 204.999 205.186 205.123 204.862 205.219 205.254 205.43 204.884 205.561 204.927 205.147 205.057 205.394 204.88 204.875 205.683 205.354 205.07 204.848 204.987 206.146 205.412 205.308 205.04 205.136 
205.237 204.943 205.146 204.864 204.896 205.655 204.922 205.21 205.157 204.933 205.116 205.541 204.938 205.035 205.447 204.862 205.149 205.06 205.965 205.889 204.932 204.882 205.561 205.071 205.143 205.177 204.999 205.186 205.123 204.841 205.219 205.254 205.43 204.884 205.561 204.927 205.147 205.057 205.394 204.88 204.875 205.683 205.354 205.07 204.848 204.987 206.146 205.412 205.295 205.04 205.136 
205.237 204.943 205.146 204.864 204.896 205.655 204.922 205.21 205.157 204.933 205.116 205.541 204.938 205.035 205.447 204.862 205.149 205.06 205.965 205.889 204.932 204.882 205.561 205.071 205.143 205.177 204.999 205.186 205.123 204.841 205.219 205.254 205.43 204.884 205.561 204.927 205.147 205.057 205.394 204.88 204.875 205.683 205.354 205.07 204.848 204.987 206.146 205.412 205.294 205.04 205.136 
205.237 204.943 205.146 204.864 204.896 205.655 204.922 205.21 205.157 204.933 205.116 205.541 204.938 205.035 205.447 204.862 205.149 205.06 205.965 205.889 204.932 204.882 205.561 205.071 205.143 205.177 204.999 205.186 205.123 204.841 205.219 205.254 205.43 204.884 205.561 204.927 205.147 205.057 205.394 204.88 204.875 205.683 205.354 205.07 204.848 204.987 206.146 205.412 205.294 205.04 205.136 
205.237 204.943 205.146 204.864 204.896 205.655 204.922 205.21 205.157 204.933 205.116 205.541 204.938 205.035 205.447 204.862 205.149 205.06 205.965 205.889 204.932 204.882 205.561 205.071 205.143 205.177 204.999 205.186 205.123 204.841 205.219 205.254 205.43 204.884 205.561 204.927 205.147 205.057 205.394 204.88 204.875 205.683 205.354 205.07 204.848 204.987 206.146 205.412 205.294 205.04 205.136 
205.237 204.943 205.146 204.864 204.896 205.655 204.922 205.21 205.157 204.933 205.116 205.541 204.938 205.035 205.447 204.862 205.149 205.06 205.965 205.889 204.932 204.882 205.561 205.071 205.143 205.177 204.999 205.186 205.123 204.841 205.219 205.254 205.43 204.884 205.561 204.927 205.147 205.057 205.394 204.88 204.875 205.683 205.354 205.07 204.848 204.987 206.146 205.412 205.294 205.04 205.136 
