326.46 330.309 332.439 344.038 327.559 333.571 322.117 327.541 331.284 343.434 325.401 321.557 336.658 343.495 333.452 332.179 326.278 348.51 330.863 338.301 327.248 326.745 329.571 321.894 334.118 325.551 340.573 340.496 328.525 320.305 316.346 338.724 324.871 343.774 319.745 323.97 318.292 334.983 308.74 328.192 339.005 319.956 320.735 341.481 326.019 334.865 334.811 335.141 340.939 321.295 332.5 
284.515 290.03 299.582 291.676 300.469 290.703 286.598 282.432 290.69 284.309 296.396 289.902 295.973 291.2 283.518 291.755 291.982 287.701 281.677 287.951 283.174 289.559 278.991 287.553 291.052 292.494 287.26 279.957 292.141 285.604 286.742 294.835 288.829 292.465 289.95 297.552 281.994 290.332 281.904 300.769 287.504 292.874 287.069 290.184 285.336 291.161 293.133 293.013 296.887 288.466 289.758 
272.575 273.005 274.688 276.078 272.955 268.397 272.51 271.239 268.579 269.999 266.779 268.893 273.084 272.869 270.331 276.695 273.417 273.062 268.362 270.743 272.984 271.205 271.899 274.492 273.278 272.9 269.189 271.495 274.529 275.617 269.302 273.873 266.445 266.824 270.834 272.992 272.142 273.142 270.905 274.975 269.891 271.524 272.607 270.903 275.575 274.104 268.501 268.292 269.338 274.323 274.868 
253.046 255.14 255.958 254.312 255.367 256.508 254.075 256.232 254.773 253.434 254.179 254.727 255.696 256.271 253.935 254.966 254.753 253.215 255.597 255.882 256.47 254.555 254.09 254.39 253.909 256.033 252.275 257.46 255.007 254.534 253.658 255.369 255.161 253.259 256.623 256.782 255.981 255.675 255.499 256.38 255.013 255.639 254.403 254.264 252.772 256.641 256.284 253.817 256.262 254.21 252.521 
229.847 231.242 229.824 228.957 229.343 231.625 228.895 231.387 228.69 230.223 229.444 232.659 228.666 230.317 229.536 232.679 231.434 229.631 231.549 231.007 229.884 229.592 228.114 229.851 229.023 230.963 229.614 229.856 229.859 230.613 229.498 230.161 229.51 228.793 229.367 231.066 229.972 231.789 229.255 231.368 230.601 231.73 229.843 230.254 229.098 230.623 230.624 232.224 231.446 229.46 231.245 
223.859 222.597 222.538 221.176 222.438 222.633 222.302 223.934 201.914 224.49 224.528 222.955 222.273 222.225 222.148 224.715 222.318 222.214 224.89 222.897 208.932 222.253 221.77 222.5 222.275 224.537 223.643 222.657 222.922 222.66 222.354 222.611 222.293 202.292 221.847 223.344 222.291 223.054 222.337 224.266 224.215 222.627 222.447 222.393 224.908 222.489 222.556 223.099 222.507 223.324 224.591 
223.604 222.111 221.793 203.001 221.971 221.877 222.003 223.452 200.063 223.974 224.092 222.053 221.992 221.714 221.818 223.56 221.857 221.789 224.175 222.368 200.218 221.869 221.231 221.776 221.781 223.806 223.603 221.248 221.782 222.154 221.79 221.941 221.843 200.056 220.939 222.577 221.794 222.236 221.827 223.844 223.74 221.9 222.14 221.777 223.76 222.142 222.096 221.965 221.798 223.183 224.035 
223.571 221.88 221.69 200.051 221.909 221.765 221.956 223.388 200.001 223.892 224.025 221.941 221.929 221.651 221.738 223.325 221.761 221.737 223.87 222.269 200.009 221.695 221.191 221.646 221.66 223.698 223.552 221.126 221.666 222.073 221.701 221.833 221.8 200.002 220.774 222.337 221.696 222.124 221.679 223.628 223.688 221.768 222.049 221.69 223.314 222.017 221.866 221.74 221.673 223.129 223.833 
223.556 221.761 221.648 200.002 221.89 221.733 221.928 223.382 200 223.868 224.005 221.885 221.893 221.619 221.712 223.295 221.735 221.737 223.816 222.216 200.001 221.656 221.145 221.633 221.63 223.682 223.545 221.1 221.632 222.025 221.659 221.775 221.785 200 220.743 222.242 221.675 222.075 221.635 223.568 223.67 221.752 221.956 221.639 223.192 221.96 221.765 221.677 221.666 223.112 223.761 
223.547 221.693 221.621 200.001 221.876 221.717 221.918 223.368 200 223.855 223.992 221.878 221.875 221.604 221.703 223.291 221.728 221.727 223.804 222.207 200.001 221.629 221.141 221.617 221.627 223.666 223.532 221.089 221.619 222.017 221.649 221.744 221.773 200 220.727 222.201 221.668 222.056 221.623 223.548 223.659 221.737 221.939 221.627 223.14 221.926 221.755 221.651 221.651 223.092 223.752 
223.541 221.672 221.606 200.001 221.866 221.709 221.908 223.366 200 223.851 223.989 221.872 221.866 221.601 221.699 223.285 221.716 221.712 223.796 222.197 200.001 221.608 221.134 221.605 221.619 223.659 223.53 221.083 221.614 221.994 221.642 221.728 221.766 200 220.709 222.187 221.658 222.056 221.613 223.539 223.655 221.731 221.919 221.618 223.124 221.919 221.737 221.637 221.64 223.087 223.743 
223.539 221.661 221.6 200.001 221.863 221.704 221.9 223.362 200 223.845 223.986 221.868 221.859 221.598 221.693 223.281 221.714 221.711 223.793 222.196 200.001 221.605 221.132 221.603 221.613 223.658 223.526 221.074 221.613 221.989 221.639 221.724 221.765 200 220.704 222.175 221.654 222.05 221.606 223.536 223.651 221.721 221.91 221.618 223.112 221.917 221.729 221.631 221.636 223.085 223.739 
223.535 221.657 221.599 200.001 221.855 221.703 221.897 223.362 200 223.842 223.984 221.863 221.854 221.593 221.691 223.28 221.711 221.707 223.792 222.192 200.001 221.598 221.128 221.599 221.613 223.655 223.526 221.07 221.608 221.983 221.631 221.721 221.763 200 220.704 222.171 221.652 222.049 221.604 223.534 223.649 221.718 221.902 221.614 223.105 221.908 221.724 221.623 221.631 223.083 223.736 
223.534 221.656 221.599 200.001 221.855 221.7 221.897 223.362 200 223.842 223.984 221.861 221.854 221.593 221.691 223.279 221.709 221.707 223.791 222.19 200.001 221.598 221.125 221.596 221.613 223.653 223.525 221.07 221.608 221.979 221.631 221.718 221.762 200 220.704 222.169 221.652 222.047 221.604 223.533 223.649 221.718 221.902 221.614 223.103 221.908 221.724 221.615 221.631 223.082 223.735 
