223.458 231.494 196.828 205.201 273.686 218.183 263.093 165.715 212.703 161.346 233.175 257.613 222.798 192.022 219.9 222.04 252.873 185.761 206.46 154.583 202.631 256.432 242.03 218.879 224.494 195.851 192.865 219.436 225.398 248.25 264.181 227.533 232.252 263.848 184.936 257.818 222.179 251.804 195.475 146.666 183.473 165.054 196.498 217.244 211.735 246.483 179.358 189.384 218.745 273.079 205.151 
113.266 116.529 69.5025 121.775 115.93 96.5417 85.2069 60.1556 128.059 134.2 89.2206 106.77 129.127 115.673 97.2844 135.796 142.456 116.276 127.077 111.922 129.506 122.219 123.568 118.174 100.628 95.5554 136.674 136.071 128.202 80.3649 101.327 105.459 135.098 99.3765 92.2901 101.804 106.068 118.698 93.1279 73.4111 82.9616 90.6891 107.47 126.778 141.143 105.536 133.672 83.2741 108.477 107.054 122.412 
68.8101 89.4011 60.7766 58.3322 52.7716 49.0713 70.1533 60.1556 64.5465 59.4325 59.3662 68.91 58.064 64.8206 61.2711 71.5998 66.1 59.5665 57.0699 58.9468 80.468 58.3706 72.9018 52.1621 66.6638 73.8168 76.489 62.1758 72.302 65.3099 65.0516 75.7989 81.3727 45.015 63.252 59.7563 39.1405 66.3888 61.0436 57.7761 50.0764 83.5702 55.4023 76.333 71.8725 80.5985 58.7072 64.8276 67.4552 81.4644 71.2234 
27.3733 25.6449 22.3503 24.9968 23.4122 23.531 20.1598 25.7068 23.0898 23.7741 24.0752 22.211 22.2583 24.3827 22.1631 22.8406 24.3984 22.5455 25.577 22.165 29.2055 24.177 25.8598 21.0722 25.1482 25.5085 22.2923 23.7981 23.7315 23.6917 25.483 26.5812 25.7771 22.977 26.1492 25.1026 23.3236 27.6831 25.2621 25.4424 22.6251 26.9252 25.5124 23.7244 25.5046 21.9858 25.0394 24.6895 20.5457 25.4968 23.0376 
10.6163 10.29 10.0848 10.3359 9.6746 9.58137 9.3064 11.4755 9.37857 9.94625 9.94012 10.0042 12.6108 9.80341 9.73308 10.199 11.1321 9.0773 9.92623 9.60571 9.67143 11.341 10.2246 10.2036 9.90771 8.98783 10.5651 10.184 9.49101 8.89122 9.91295 9.96926 9.95546 10.4482 9.32695 9.84091 10.2174 10.0934 9.16847 10.7296 11.4391 9.45567 10.7727 10.2392 9.84728 9.53266 9.48458 10.074 9.61441 10.6246 10.0016 
5.73889 5.95432 5.73545 6.03109 5.22646 5.95661 5.54268 6.61909 5.74196 6.12845 6.08893 5.77459 6.26742 5.89072 5.5888 5.77649 6.11127 5.37616 5.60061 5.89066 5.647 5.88621 5.47785 5.71852 5.39784 5.74854 6.02973 5.75506 5.78646 5.30957 5.80154 5.80896 5.3502 5.54302 5.66114 5.54907 6.06127 6.03026 5.74935 5.92451 6.09914 6.01483 5.89317 5.36482 5.76494 5.85892 5.58465 5.76531 5.85601 6.08171 6.43522 
4.9842 4.96208 4.97344 5.14966 4.44609 5.38235 4.89129 5.57137 4.45603 5.37528 5.271 5.0506 5.20021 5.51883 4.66574 4.8511 5.38439 4.21665 4.79903 4.7381 4.90715 5.05037 5.28525 4.96072 5.06412 4.91083 5.32032 4.91079 4.95889 4.73335 5.07545 5.15371 4.92739 5.058 5.12039 4.54462 5.1875 5.24413 5.02433 5.11344 5.19581 5.20945 5.06092 4.71345 5.05947 4.79359 4.79232 4.95818 5.54104 4.773 5.91979 
4.58323 4.30744 4.24673 4.71236 4.43446 4.93738 4.53177 5.48717 4.16866 4.85166 4.94412 4.6681 4.63444 5.05473 4.28788 4.33577 4.8685 4.20972 4.28521 4.27383 3.78885 4.5678 4.84524 4.57654 4.64758 4.54933 4.86478 4.42872 4.46649 4.427 4.65132 4.82787 4.38394 4.67723 4.05826 4.25926 4.6861 4.85708 4.70467 4.70249 5.19581 4.64439 4.76996 3.93553 4.88593 3.98595 4.21739 4.60434 5.00593 4.4457 5.42728 
4.37319 4.26299 3.44672 4.43195 3.68484 4.42046 4.00395 5.22347 4.15726 4.33414 4.41821 4.5126 4.16354 4.93259 3.89974 4.16428 4.37537 4.15433 4.01425 3.90138 3.61999 4.46637 4.59192 4.16757 4.50315 4.07666 4.59724 4.29813 4.18184 3.99412 4.3207 4.39294 4.07779 4.15926 4.05826 3.94504 4.29559 4.78246 4.25353 4.26128 4.63491 4.18565 4.35582 3.93553 4.72175 3.98595 3.90146 4.16914 4.74534 4.08582 5.31337 
4.1829 3.69512 2.87885 3.8115 3.45095 4.10819 3.79457 5.11687 3.61048 4.07301 4.21922 4.25191 3.88928 4.76948 3.5818 3.78109 4.30397 3.79922 3.67665 3.6468 3.32567 4.07804 3.91232 3.85049 4.37537 3.3692 4.39066 3.9589 3.85952 3.47393 3.94107 4.27902 3.61079 3.50931 3.88881 3.52992 3.83209 4.24511 3.84175 3.92499 4.21747 3.95592 4.15348 3.87564 4.35194 3.30191 3.32538 3.68264 4.32269 3.52692 5.09744 
3.94312 3.12703 2.15658 3.56764 3.34609 4.07779 3.74609 5.08838 3.5168 3.63674 4.21922 4.0978 3.66073 4.65035 2.8251 3.67767 3.9416 2.88071 3.39957 3.33062 2.8842 3.90614 3.74523 3.70215 4.18451 3.1909 4.28575 3.61892 3.34345 3.28546 3.88902 4.15728 3.24162 3.29905 3.74139 3.07866 3.44457 4.16503 3.18103 3.85986 4.03718 3.46334 4.02571 3.73611 4.27186 3.25551 3.24675 3.56973 4.31646 3.33296 5.0371 
3.51109 2.63101 1.8083 3.20339 3.08535 4.03493 3.59763 5.00079 3.01943 3.22642 3.62659 3.91628 2.97616 4.63723 2.38637 3.58124 3.60838 2.80609 2.8039 2.66394 2.58402 3.72426 3.60604 3.48893 4.09471 2.64389 4.02115 3.25394 3.00585 3.04638 3.4649 4.0474 3.11824 2.55397 3.14396 2.68196 3.43155 3.69881 2.83058 3.30519 3.91894 3.08591 3.40568 3.46918 4.00646 2.88732 3.09805 3.10688 4.27788 2.50593 4.96298 
3.28084 2.40932 1.4889 3.0823 2.85673 3.42575 3.23394 4.92914 2.85709 2.95559 3.27271 3.65808 2.80187 4.44318 2.166 2.99379 2.85445 2.5461 2.30955 2.35951 2.24788 3.35663 3.00511 3.27335 3.99015 2.52397 3.47993 3.00384 2.64415 2.90974 3.27847 3.95448 2.81626 1.7683 2.81177 2.12327 3.38019 3.26959 2.43148 3.1343 3.64667 2.89736 3.14156 3.20034 3.80326 2.52839 1.89699 2.81377 3.99029 2.32533 3.84157 
2.81953 1.61862 0.926531 2.17188 2.21978 2.62726 2.65179 4.2177 2.12946 2.1659 2.5865 3.14357 2.25532 4.02214 1.55128 2.24824 1.65977 1.719 1.95044 1.49365 1.28567 2.91531 2.2113 2.20811 3.55309 1.82273 2.66869 2.27011 1.54642 2.2564 2.30553 3.55132 2.49051 0.468317 2.11025 1.34715 2.36394 2.68868 1.96641 2.53663 2.69094 1.89707 2.11039 2.93631 3.10246 1.65242 1.10657 2.56394 3.28771 1.32381 3.14276 
