495.879 486.995 482.549 476.593 491.192 492.786 461.954 497.069 479.656 479.03 513.115 488.169 467.422 461.704 516.95 474.163 491.562 493.682 493.158 500.055 484.29 520.205 483.803 472.784 490.857 467.676 512.215 490.345 497.592 504.591 507.073 475.559 473.282 505.951 490.448 486.012 490.088 488.458 437.636 493.256 478.906 470.092 411.309 488.88 525.977 465.319 480.161 493.481 495.164 488.843 483.684 
396.79 393.926 391.698 392.825 395.279 387.659 384.079 403.008 397.053 397.897 401.528 390.494 395.579 419.616 394.834 382.03 399.048 394.816 403.902 393.483 413.345 390.577 395.457 396.143 388.934 396.727 408.686 408.345 399.455 405.126 400.645 397.2 387.945 387.959 399.21 398.113 384.047 382.199 386.169 393.892 396.48 398.802 387.185 376.584 414.64 400.784 397.105 398.276 405.313 400.743 399.422 
352.495 356.108 355.903 356.951 355.634 348.402 352.884 352.931 348.416 354.373 353.112 348.912 339.528 362.498 352.143 354.779 355.914 346.119 358.549 363.011 356.66 353.659 357.423 351.614 351.482 355.116 357.799 356.638 341.145 352.97 349.08 353.779 349.487 356.441 353.423 352.959 360.316 342.142 350.415 356.34 348.83 364.547 345.201 349.341 344.068 353.322 350.884 356.742 354.438 354.067 358.561 
313.049 317.817 314.624 313.42 317.739 316.659 316.241 316.576 313.138 312.564 317.84 310.802 317.566 316.564 315.813 311.891 316.84 315.532 313.889 314.338 318.37 315.186 315.64 315.18 315.847 313.205 318.188 317.779 316.694 317.675 314.265 316.228 316.308 316.101 309.448 315.195 316.559 312.249 314.139 313.527 316.167 317.624 312.387 316.488 317.121 317.103 316.965 313.377 315.706 312.759 313.963 
281.678 279.773 280.927 282.002 283.288 280.449 282.268 280.925 280.524 280.002 282.609 280.596 281.366 281.573 282.364 279.693 282.552 282.825 280.484 282.34 282.372 280.828 281.381 279.083 281.039 280.947 282.5 281.633 281.157 280.084 279.344 282.013 280.799 281.134 280.416 280.563 282.087 279.867 282.353 283.055 280.193 283.135 280.459 282.684 282.922 283.613 281.235 279.718 283.283 281.425 280.334 
274.161 274.713 274.607 273.491 275.598 274.281 274.281 273.958 273.301 275.42 274.986 275.716 274.837 274.59 275.616 275.289 275.717 272.951 274.731 272.351 270.928 275.29 274.59 274.713 273.061 274.332 274.994 272.677 274.99 274.714 274.218 272.105 274.142 273.912 274.139 273.911 272.585 275.345 274.59 276.323 273.852 274.771 274.59 276.105 272.32 275.638 274.288 268.714 273.836 273.131 269.012 
274.138 274.713 274.606 273.488 275.595 274.28 274.28 273.952 273.289 275.419 274.98 275.716 274.834 274.589 275.613 275.289 275.716 272.947 274.73 272.347 270.897 275.289 274.589 274.713 273.059 274.331 274.993 272.637 274.987 274.713 274.216 271.869 274.138 273.909 274.138 273.909 271.598 275.22 274.589 276.27 273.85 274.77 274.589 276.103 272.134 275.63 274.286 268.712 273.834 273.129 268.907 
274.138 274.713 274.606 273.488 275.595 274.28 274.28 273.952 273.289 275.419 274.98 275.716 274.834 274.589 275.613 275.289 275.716 272.947 274.73 272.347 270.897 275.289 274.589 274.713 273.059 274.331 274.993 272.637 274.987 274.713 274.216 271.869 274.138 273.909 274.138 273.909 271.598 275.22 274.589 276.27 273.85 274.77 274.589 276.103 272.134 275.63 274.286 268.712 273.834 273.129 268.907 
274.138 274.713 274.606 273.488 275.595 274.28 274.28 273.952 273.289 275.419 274.98 275.716 274.834 274.589 275.613 275.289 275.716 272.947 274.73 272.347 270.897 275.289 274.589 274.713 273.059 274.331 274.993 272.637 274.987 274.713 274.216 271.869 274.138 273.909 274.138 273.909 271.598 275.22 274.589 276.27 273.85 274.77 274.589 276.103 272.134 275.63 274.286 268.712 273.834 273.129 268.907 
274.138 274.713 274.606 273.488 275.595 274.28 274.28 273.952 273.289 275.419 274.98 275.716 274.834 274.589 275.613 275.289 275.716 272.947 274.73 272.347 270.897 275.289 274.589 274.713 273.059 274.331 274.993 272.637 274.987 274.713 274.216 271.869 274.138 273.909 274.138 273.909 271.598 275.22 274.589 276.27 273.85 274.77 274.589 276.103 272.134 275.63 274.286 268.712 273.834 273.129 268.907 
274.138 274.713 274.606 273.488 275.595 274.28 274.28 273.952 273.289 275.419 274.98 275.716 274.834 274.589 275.613 275.289 275.716 272.947 274.73 272.347 270.897 275.289 274.589 274.713 273.059 274.331 274.993 272.637 274.987 274.713 274.216 271.869 274.138 273.909 274.138 273.909 271.598 275.22 274.589 276.27 273.85 274.77 274.589 276.103 272.134 275.63 274.286 268.712 273.834 273.129 268.907 
274.138 274.713 274.606 273.488 275.595 274.28 274.28 273.952 273.289 275.419 274.98 275.716 274.834 274.589 275.613 275.289 275.716 272.947 274.73 272.347 270.897 275.289 274.589 274.713 273.059 274.331 274.993 272.637 274.987 274.713 274.216 271.869 274.138 273.909 274.138 273.909 271.598 275.22 274.589 276.27 273.85 274.77 274.589 276.103 272.134 275.63 274.286 268.712 273.834 273.129 268.907 
274.138 274.713 274.606 273.488 275.595 274.28 274.28 273.952 273.289 275.419 274.98 275.716 274.834 274.589 275.613 275.289 275.716 272.947 274.73 272.347 270.897 275.289 274.589 274.713 273.059 274.331 274.993 272.637 274.987 274.713 274.216 271.869 274.138 273.909 274.138 273.909 271.598 275.22 274.589 276.27 273.85 274.77 274.589 276.103 272.134 275.63 274.286 268.712 273.834 273.129 268.907 
274.138 274.713 274.606 273.488 275.595 274.28 274.28 273.952 273.289 275.419 274.98 275.716 274.834 274.589 275.613 275.289 275.716 272.947 274.73 272.347 270.897 275.289 274.589 274.713 273.059 274.331 274.993 272.637 274.987 274.713 274.216 271.869 274.138 273.909 274.138 273.909 271.598 275.22 274.589 276.27 273.85 274.77 274.589 276.103 272.134 275.63 274.286 268.712 273.834 273.129 268.907 
