47.3117 47.3508 47.2605 47.5727 47.8173 47.6696 47.0196 47.8122 47.2213 47.16 47.4202 47.5137 47.4176 47.7751 47.707 47.5728 47.8646 47.764 47.8417 47.6732 47.6784 47.6278 47.9178 48.0608 47.2967 47.7758 47.7994 47.5444 47.7039 47.2032 47.153 47.5264 47.6975 46.9553 47.6717 47.8665 47.6819 47.2687 47.559 47.558 47.2163 47.6659 47.5544 47.6571 47.893 47.5821 47.5291 47.9499 47.9227 47.3764 47.501 
47.3117 47.3508 47.2605 47.1466 47.68 47.6696 47.0196 47.8088 47.1491 47.16 47.3773 47.2975 47.4176 47.367 47.5508 47.3724 47.2098 47.6514 47.7791 47.0449 47.5449 47.6274 47.7117 47.5072 47.2967 47.6732 47.0319 47.494 47.5608 47.2032 47.153 46.848 47.6373 46.9553 46.7105 47.7029 47.456 47.2687 47.559 47.5011 47.2163 47.1664 47.5544 47.5013 47.297 47.5821 47.509 47.2826 47.0038 47.3764 47.501 
47.3117 47.2661 47.2605 47.1466 47.4986 47.6696 46.9689 47.0672 46.8783 47.16 47.2765 47.2975 47.4176 47.367 47.4359 47.3724 47.2098 47.5011 47.7583 47.0449 47.5449 47.3008 47.567 47.2895 47.2967 47.4002 47.0319 47.3747 47.1374 47.2032 47.153 46.848 47.4003 46.9553 46.7105 47.5673 47.3814 46.9814 47.559 47.5011 47.2163 47.1664 46.5038 47.4543 47.297 47.0982 47.509 47.1792 47.0038 47.3764 47.2563 
47.3117 47.2661 46.6366 47.1466 47.3546 47.4423 46.9689 47.0672 46.8783 47.16 47.2765 47.2975 47.4176 47.367 46.5394 47.276 47.2098 47.3731 47.2509 47.0449 47.4469 47.3008 47.3276 47.0106 47.182 47.4002 46.7075 47.2281 47.1374 47.2032 47.153 46.7356 46.7356 46.9553 46.7105 47.1621 47.3814 46.9814 47.3643 47.3907 47.2094 47.1664 46.5038 46.8868 47.2417 47.0982 47.509 46.509 47.0038 47.3032 47.2055 
46.7724 46.8418 46.6366 47.1462 46.7522 47.0717 46.9689 46.9744 46.8783 46.8707 47.2489 47.1156 47.394 47.1332 46.5394 46.8673 46.8135 47.3731 47.2418 47.0449 47.3193 46.8849 47.2909 46.5843 46.6751 47.3272 46.7075 47.1665 47.1138 46.2927 47.1398 46.7356 46.7356 46.9553 46.7105 47.1621 46.6225 46.9814 47.3265 47.0828 47.0717 47.1605 46.5038 46.8868 47.2417 47.0982 47.2918 46.509 46.8959 47.1683 46.9589 
46.675 46.5966 46.5068 46.4364 46.7522 46.6979 46.5311 46.723 46.8783 46.8707 46.5087 47.1156 46.6291 47.1031 46.5394 46.8673 46.8135 46.6998 46.8932 46.516 47.0114 46.7578 46.8464 46.5843 46.6751 46.8072 46.6193 46.6265 47.0157 46.2927 46.9953 46.7356 46.7356 46.9553 46.7105 46.9723 46.6225 46.407 46.5726 47.0828 46.8628 47.0048 46.5038 46.8111 47.0301 46.523 46.98 46.509 46.8959 47.1203 46.747 
46.675 46.3133 46.4206 46.4364 46.2266 46.2897 46.5311 46.723 46.5514 46.4506 46.5087 46.8588 46.6291 46.4903 46.5394 46.8673 46.8135 46.5011 46.8392 46.4837 46.7076 46.6239 46.3976 46.5843 46.4932 45.9551 46.6193 46.6265 46.4497 46.2927 46.8732 46.7356 46.6927 46.6984 46.5581 46.7494 46.6225 46.407 46.5726 46.8449 46.444 46.785 46.5038 46.6174 46.9005 46.4656 46.8358 46.509 46.8959 46.6656 46.6818 
46.675 46.3133 46.2137 46.4364 46.0888 46.2897 46.5311 45.9401 46.5413 46.4506 46.3976 46.4503 46.6291 46.4903 46.5394 46.8673 46.7048 46.4417 46.6604 46.4837 46.6169 46.5129 46.076 46.4971 46.4932 45.9551 46.6037 46.3902 46.4497 46.2927 46.8328 46.7356 46.6927 46.6984 46.3767 46.6084 46.6225 46.3805 46.0887 46.7344 46.444 46.6741 46.5038 46.2547 46.6163 45.9299 46.3355 46.509 46.6793 46.6656 46.6267 
46.1533 45.9841 46.2137 46.338 46.0888 46.2897 46.244 45.9401 46.5413 46.4506 46.3393 46.4503 46.4685 46.2127 46.5394 45.5478 46.5014 46.4404 46.306 46.4837 46.6169 46.0387 46.076 46.4308 46.4932 45.9551 46.4809 46.2759 46.4497 46.2927 46.7577 46.3837 46.5693 46.6984 46.3767 46.4948 46.2493 46.3805 46.0887 46.7344 46.3079 46.378 46.5038 46.2547 45.968 45.9299 46.2105 46.3171 46.3748 46.3391 46.596 
45.7303 45.856 46.2137 46.338 45.5475 45.9581 46.1479 45.9401 45.9371 45.8978 46.2254 46.3519 46.1721 46.2127 45.7703 45.5478 46.2002 45.8212 45.9696 46.0871 45.3385 46.0387 45.9725 46.2475 46.4932 45.9551 46.161 45.775 46.1076 46.2317 46.4745 46.3033 45.8719 46.3195 46.1588 46.1505 46.2493 45.9852 46.0267 45.5769 46.0218 46.0089 46.1071 46.0609 45.968 45.9299 46.1617 46.2597 46.0118 46.2782 46.321 
45.5077 45.4596 45.1009 45.7212 44.3605 45.7136 44.667 45.5017 45.4671 45.5435 45.5388 46.1347 45.7228 45.5021 45.5282 45.2555 45.6619 45.5509 45.5108 45.3713 45.3385 45.2861 45.6035 45.1133 45.8389 45.1749 45.7823 45.775 43.2867 45.8167 45.9585 45.5339 44.7716 45.2219 45.2587 45.6531 45.6138 45.2182 45.8175 44.9913 45.7391 45.4659 45.5982 45.0527 45.351 45.2983 45.989 45.1959 46.0118 45.8577 45.7095 
45.2453 45.1292 44.8189 44.8373 43.7055 44.8668 44.4266 45.0296 44.4032 44.6854 45.3289 45.5541 44.8819 44.8554 45.1902 45.0917 45.3664 44.3778 44.8485 44.6889 45.0933 44.9639 45.4893 44.9174 44.0344 43.0967 44.9618 43.7665 42.0373 45.3651 44.8556 44.9003 42.1797 45.1329 44.6092 44.4949 44.9485 45.005 45.1418 44.3323 45.1547 45.0195 44.8955 45.0226 45.2521 45.1107 43.4755 45.116 42.4485 44.9857 45.0047 
43.8043 41.7631 41.9991 41.4925 41.8919 43.4235 41.8034 42.7248 42.1452 42.4323 44.9869 42.5434 42.2136 42.014 42.492 44.5572 42.4111 41.8001 43.7342 42.5106 44.7161 41.9962 43.0213 42.4639 41.5658 41.3601 41.8371 43.4749 41.1672 42.43 42.1806 41.7888 40.5468 43.4461 43.8381 42.3722 44.4579 44.9008 41.9725 41.8548 44.4781 41.2444 43.2358 41.6298 42.3737 42.3689 41.3643 42.8608 41.2463 44.1519 42.026 
38.9584 38.3224 37.91 37.9688 38.6098 39.6493 37.0948 38.4856 39.0747 38.099 37.7702 37.6214 38.1619 37.4314 37.4386 37.6972 39.1576 38.4447 36.464 37.8135 37.9061 38.303 37.4715 37.3438 37.8388 38.7176 38.1715 37.3074 38.4266 38.4204 38.5688 35.2275 36.7705 38.7362 38.0783 38.0283 38.035 39.0709 38.5193 38.1075 38.8241 38.044 38.052 37.4699 37.9086 38.3861 37.4639 37.8156 36.9753 38.2669 37.3547 
