239.518 346.423 150.813 287.995 163.703 138.699 344.735 303.844 314.794 323.193 277.676 188.894 127.468 342.557 274.869 159.573 279.534 296.46 250.959 187.327 315.563 177.787 154.415 181.759 134.558 179.1 218.539 288.274 277.34 136.049 239.153 330.301 315.007 164.586 221.466 293.08 130.827 315.436 130.763 307.912 121.084 338.889 214.384 156.828 120.831 330.384 192.717 312.418 305.535 268.583 316.407 
205.203 231.772 123.767 120.202 108.028 135.549 249.144 256.109 121.111 134.228 108.483 112.245 125.452 261.599 109.74 127.892 163.695 260.507 212.162 187.327 223.195 131.508 109.72 112.405 116.121 116.638 121.509 183.485 108.161 109.095 239.153 271.206 273.297 107.796 119.493 135.972 105.787 258.293 108.561 112.999 107.401 126.092 175.749 118.126 112.024 253.559 108.169 240.574 227.316 125.582 264.769 
107.278 151.239 106.266 106.463 104.578 106.056 235.139 119.373 105.846 126.058 104.637 105.069 107.73 237.796 105.246 106.739 108.71 240.275 208.646 106.97 222.769 106.686 104.322 105.907 113.305 116.638 108.799 110.502 104.332 104.115 125.172 241.258 234.269 103.91 105.481 118.373 103.339 208.287 105.197 105.616 104.38 126.092 113.67 105.805 106.144 230.42 105.28 216.059 122.535 105.995 223.986 
103.105 103.299 101.889 102.218 101.389 102.514 211.776 104.691 102.332 104.266 101.144 101.19 102.802 189.535 101.434 102.549 103.511 211.766 109.991 102.678 114.146 101.968 100.797 102.172 103.071 103.542 103.224 102.94 100.92 101.075 104.364 189.187 206.644 101.356 101.884 104.242 100.784 208.287 101.444 101.795 100.686 104.14 103.413 102.259 101.427 207.588 101.552 151.02 103.388 102.156 111.792 
100.575 100.703 100.552 100.59 100.642 100.568 200.467 100.546 100.653 100.588 100.669 100.458 100.653 100.838 100.576 100.693 100.621 200.441 100.619 100.604 100.737 100.649 100.579 100.402 100.739 100.664 100.598 100.624 100.474 100.553 100.533 189.187 200.434 100.55 100.613 100.615 100.517 100.884 100.492 100.538 100.563 100.559 100.679 100.548 100.554 200.316 100.599 100.775 100.609 100.591 100.67 
100.489 100.465 100.422 100.432 100.435 100.422 200.042 100.458 100.436 100.54 100.504 100.393 100.462 100.418 100.576 100.567 100.435 200.047 100.408 100.494 100.528 100.406 100.436 100.402 100.578 100.482 100.518 100.496 100.474 100.423 100.511 189.187 200.043 100.55 100.391 100.43 100.491 100.564 100.487 100.411 100.476 100.381 100.434 100.54 100.544 200.046 100.406 100.59 100.402 100.496 100.481 
100.485 100.465 100.422 100.432 100.435 100.422 200.007 100.458 100.382 100.406 100.445 100.393 100.387 100.418 100.505 100.458 100.404 199.367 100.408 100.442 100.469 100.406 100.436 100.402 100.446 100.445 100.476 100.486 100.451 100.374 100.386 100.548 200.003 100.458 100.391 100.341 100.409 100.496 100.389 100.411 100.419 100.381 100.325 100.471 100.465 100.833 100.367 100.588 100.367 100.399 100.383 
100.386 100.393 100.389 100.432 100.295 100.371 200 100.456 100.351 100.36 100.336 100.346 100.356 100.393 100.396 100.419 100.321 100.578 100.292 100.406 100.339 100.406 100.255 100.334 100.397 100.267 100.379 100.385 100.369 100.372 100.319 100.524 200 100.432 100.362 100.33 100.409 100.437 100.389 100.311 100.376 100.381 100.325 100.417 100.423 100.586 100.363 100.404 100.367 100.361 100.383 
100.294 100.319 100.359 100.333 100.295 100.331 200 100.37 100.308 100.347 100.272 100.346 100.31 100.372 100.299 100.267 100.292 100.376 100.292 100.375 100.268 100.322 100.255 100.219 100.385 100.267 100.297 100.365 100.369 100.324 100.319 100.382 200 100.346 100.294 100.33 100.376 100.342 100.368 100.311 100.274 100.264 100.325 100.364 100.381 100.556 100.292 100.404 100.319 100.334 100.383 
100.293 100.319 100.268 100.205 100.187 100.331 200 100.346 100.276 100.296 100.183 100.305 100.256 100.289 100.299 100.267 100.272 100.376 100.292 100.266 100.268 100.254 100.255 100.219 100.314 100.246 100.297 100.302 100.295 100.324 100.306 100.382 200 100.272 100.294 100.293 100.317 100.276 100.299 100.26 100.254 100.254 100.298 100.309 100.276 100.462 100.292 100.274 100.267 100.302 100.268 
100.293 100.272 100.268 100.205 100.187 100.249 200 100.315 100.219 100.246 100.183 100.288 100.208 100.289 100.278 100.21 100.217 100.372 100.27 100.237 100.25 100.243 100.23 100.201 100.265 100.246 100.282 100.244 100.255 100.228 100.257 100.287 200 100.256 100.272 100.188 100.28 100.276 100.283 100.209 100.205 100.205 100.254 100.271 100.276 100.42 100.205 100.274 100.263 100.21 100.197 
100.217 100.231 100.192 100.197 100.187 100.219 200 100.219 100.214 100.235 100.183 100.22 100.196 100.153 100.223 100.21 100.204 100.254 100.22 100.237 100.233 100.211 100.168 100.163 100.211 100.223 100.221 100.224 100.196 100.204 100.203 100.287 200 100.221 100.182 100.18 100.244 100.245 100.218 100.194 100.205 100.192 100.219 100.202 100.234 100.358 100.205 100.224 100.213 100.195 100.147 
100.201 100.216 100.192 100.194 100.153 100.189 200 100.191 100.208 100.193 100.183 100.177 100.189 100.153 100.213 100.209 100.184 100.252 100.198 100.206 100.198 100.188 100.168 100.163 100.211 100.197 100.19 100.196 100.196 100.196 100.201 100.252 200 100.221 100.17 100.163 100.216 100.213 100.211 100.18 100.192 100.174 100.202 100.188 100.232 100.357 100.201 100.224 100.196 100.195 100.147 
100.154 100.118 100.192 100.122 100.134 100.156 200 100.133 100.137 100.153 100.129 100.144 100.098 100.15 100.142 100.132 100.132 100.186 100.133 100.184 100.146 100.138 100.126 100.13 100.159 100.136 100.14 100.141 100.152 100.14 100.186 100.18 200 100.152 100.12 100.094 100.15 100.172 100.147 100.151 100.132 100.134 100.128 100.113 100.176 100.312 100.14 100.154 100.125 100.136 100.086 
