36599.5 83815.8 27779.8 93812.7 25138.8 39633.9 22071.1 16216.1 86596.4 254999 70693.3 36405.3 3866.82 200519 116340 110672 294777 95024.4 143513 46248.8 19607.4 105443 15636.2 124234 22881.8 24613.6 33918 151166 44128.6 54372.3 119534 246765 73337.8 126480 24526.1 88875.8 88771.4 26396.7 285747 180576 60414.4 16764.6 121304 182340 130765 20934.4 32350.8 18052.4 144719 14969.1 11711.5 
23437.1 35636.2 8657.68 18434.2 15400 6542.89 2067.91 16216.1 13232.7 7512.39 16728.5 12642.1 3796.93 5908.15 9034.48 2083.54 12537.4 12556.4 8550.86 17821.1 3842.56 10850.8 7657.23 35047.2 19851.7 17014.5 7770.29 6528.98 8366.83 9585.58 23501.5 21538 3975.16 19842.1 19181.8 43189 7809.18 22012.3 13894.1 11913.4 30891.1 12069.3 3746.64 7563.69 2345.71 10084.3 19478.9 13367.6 5259.34 6663.6 9127.21 
6484.75 5058.62 3921.88 4503.18 6447.21 3959.35 1948.49 1642.65 2333.68 3165.96 5331.61 3821.13 3796.93 2097.67 4007.66 1472.44 10275 5702.32 1863.26 1479.16 3842.56 5328.82 3868.22 3499.19 2208.96 2747.9 3799.91 3416.96 4157.08 2725.41 3400.26 5380.82 2220.51 3264.13 1869.05 4364.09 2426.05 3165.16 962.487 3450.07 7507.27 1234.56 3746.64 4457.35 1473.21 1202.2 1350.69 3187.66 2784.81 1785.62 545.624 
923.591 601.281 301.229 577.813 608.034 464.791 262.74 440.264 430.838 438.422 731.263 762.773 400.223 599.253 769.794 487.048 771.781 782.459 678.01 435.661 400.064 630.156 848.239 582.652 613.079 469.238 690.711 525.473 298.77 955.06 341.403 424.839 672.988 404.885 525.704 590.819 668.422 671.262 542.237 454.283 510.34 350.186 473.951 613.538 543.844 368.557 333.013 536.273 544.586 570.714 545.624 
98.7968 46.5623 125.419 105.776 111.374 58.4254 124.538 127.64 92.7417 79.2763 116.563 77.8906 46.8489 133.215 74.2306 118.186 152.001 113.69 94.8187 102.951 82.7998 87.1027 110.969 85.5213 132.43 84.3293 89.2605 55.4612 71.1722 146.652 129.346 174.07 60.1908 104.141 144.668 135.315 140.532 76.8137 135.866 84.1923 42.5336 125.557 121.608 120.383 66.9789 63.0022 75.6903 81.2668 33.9781 56.6178 61.7113 
28.4426 11.5147 14.7369 23.0481 17.4719 13.6931 24.2879 17.9794 25.2917 5.79367 25.0023 15.5244 7.45294 19.7289 13.2526 15.6087 12.0867 22.824 13.0151 13.4092 6.34283 27.0685 29.5638 18.7911 30.3816 29.1117 38.0106 14.6021 23.8306 21.9759 56.4798 14.1085 26.3013 17.8426 13.8674 32.4776 22.5137 30.1357 19.4086 12.8405 7.38566 17.3702 15.7296 12.6508 4.14367 22.5246 6.19214 23.4845 7.49039 20.7543 18.6902 
2.79599 1.56826 2.85669 3.81252 3.15256 3.46252 3.89889 1.96751 4.77596 2.51695 3.54674 5.76159 2.7924 5.9361 6.64029 2.72594 7.43416 2.76775 5.10964 1.75537 2.39056 6.3474 4.97521 11.6873 3.33977 4.80821 3.71586 2.6046 5.86201 5.07523 11.3583 2.68612 2.19638 3.74003 9.57978 9.59161 7.38582 8.52176 2.08618 3.53684 1.87885 2.78919 2.51194 1.71687 1.29002 3.45441 2.99818 5.89764 2.16257 2.25505 3.04627 
0.878405 1.25664 1.50024 1.66951 0.855845 1.51695 1.88337 0.532082 2.11795 1.08425 1.91233 0.755355 1.81556 2.45927 1.09167 1.5211 1.64901 1.23781 1.70705 1.23892 1.32614 2.70736 1.08554 1.79371 1.33978 1.37414 1.41593 1.50465 1.46046 1.54262 3.225 1.2348 1.22358 1.62606 4.35101 2.79557 3.12277 2.79855 1.12311 1.27443 0.815862 1.44989 0.988779 1.15202 0.849721 1.56807 1.18182 3.62614 1.43217 0.986914 1.76887 
0.452396 1.09608 1.05691 0.819783 0.243002 1.08828 0.693635 0.409902 1.25198 0.546176 1.18358 0.124946 1.04898 1.63477 0.23453 0.692157 0.686772 0.563402 1.04949 0.928618 0.821235 1.51428 0.425936 1.02169 0.492407 1.05478 0.623707 0.936702 0.891883 0.986416 1.57975 0.666557 0.690214 0.807204 1.42161 1.82995 1.74849 1.45859 0.988334 1.0601 0.485203 0.769603 0.86187 0.881333 0.643026 0.937019 0.839736 1.49213 0.952533 0.854423 1.16512 
0.0904595 0.862546 0.881599 0.64182 0.0453265 0.762541 0.524843 0.184344 0.963925 0.24566 0.814504 0.059875 1.03965 0.77489 0.115702 0.36145 0.592027 0.35173 0.751588 0.756306 0.591985 1.2184 0.164191 0.685928 0.140924 0.708567 0.509784 0.802595 0.753894 0.869593 0.982842 0.0234596 0.603717 0.601963 0.960758 1.0659 0.929855 1.17229 0.716647 0.6075 0.359258 0.345157 0.78736 0.793044 0.500026 0.816096 0.486079 0.430882 0.910236 0.811347 0.580772 
0.0192549 0.815161 0.74175 0.540011 0.00785612 0.659559 0.341509 0.0925292 0.752377 0.004624 0.437538 0.0424828 0.658622 0.616562 0.0257676 0.297264 0.333804 0.11215 0.626255 0.756306 0.450176 0.720314 0.0406195 0.201951 0.0197029 0.598103 0.500006 0.780679 0.512503 0.739058 0.463229 0.00623118 0.438501 0.487594 0.704448 0.55208 0.603243 0.846974 0.512009 0.433004 0.258522 0.227543 0.68635 0.657911 0.129757 0.815574 0.486079 0.135918 0.705119 0.809307 0.500945 
0.0188079 0.3283 0.741014 0.495864 0.00538295 0.43085 0.306219 0.037567 0.119053 0.000215856 0.312562 0.0244959 0.323499 0.499791 0.0130739 0.0328778 0.172129 0.0247754 0.0394677 0.634537 0.0739864 0.704016 0.0103344 0.040966 2.02176e-05 0.0625862 0.499988 0.501113 0.499775 0.434066 0.449874 0.00598497 0.105121 0.358813 0.156133 0.0508273 0.00513477 0.337885 0.338342 0.0743245 0.0628459 0.0220489 0.382327 0.635477 0.0978055 0.316594 0.227089 0.00107039 0.0987906 0.809299 0.499597 
0.0188072 0.314217 0.741014 0.495745 0.00538157 0.00192362 0.306218 0.00351483 0.000178418 0.000215562 0.312547 0.00191726 0.0440479 0.499561 0.012741 0.0158808 0.0213666 0.0202911 0.0124894 0.622513 0.0138878 0.703956 0.00818488 0.0120679 8.5271e-06 0.0325034 0.499988 0.298297 0.499737 0.362219 0.449874 0.00598464 0.000785941 0.354546 0.00890242 0.0167417 0.000753105 0.319403 0.317473 0.0151892 0.0171792 0.0166109 0.321335 0.635477 0.0978051 0.316441 0.0282231 0.000955838 0.0749256 0.809299 0.499597 
0.0188072 0.314205 0.741014 0.495745 0.00538157 0.00183756 0.306218 0.00351368 0.00017757 0.000215562 0.312547 0.00190782 0.0440477 0.499561 0.0127408 0.0158801 0.0205304 0.0202906 0.012489 0.622513 0.0138878 0.703955 0.00818486 0.0120678 8.52277e-06 0.0325034 0.499988 0.298284 0.499737 0.362209 0.449874 0.00598462 0.000782969 0.354546 0.00885639 0.0167392 0.000753105 0.319403 0.317473 0.0151888 0.0171792 0.0166108 0.321335 0.635477 0.0978051 0.316441 0.0275476 0.000955832 0.0749254 0.809299 0.499597 
