1063.23 1314.8 1149.01 1245.92 1337.42 1328.51 1248.92 1340.35 1225.31 1147.62 1310.85 782.904 1236.61 1237.58 1277.22 931.513 1329.42 837.224 1304.65 1395.4 1139.85 1241.17 1313.63 1293.7 1287.3 1284.72 1172.39 1151.19 1256.95 1288.56 1368.66 1288.07 1300.75 1215.39 1356.41 1215.79 1370.48 1272.85 1314.04 1219.95 1189.67 1357.7 1091.13 1310.26 1245.29 1012.39 1323.5 1284.55 1022.44 1325.41 1304.6 
1063.23 1155.95 1149.01 1142.36 1141.19 1148.55 1150.17 1167.24 1103.01 921.364 1162.45 782.904 1188.31 1085.53 1139.87 931.513 1189.15 837.224 1151.59 1153.04 1137.44 1181.49 1168.22 1063.43 1098.85 1177.06 1172.39 1151.19 1170.46 1112.77 1196.37 1198.23 1010.35 1121.6 1177.11 1167.18 1148.3 1146.55 1148.65 1145.01 1124.57 1164.05 1091.13 1110.54 1106.86 1012.39 1124.4 1153.83 1022.44 1153.28 1102.71 
1022.19 1039.6 980.373 1009.17 1061.62 1044.34 1064.38 1040.8 1005.47 921.364 1106.03 782.904 1045.08 992.243 1063.36 931.513 941.051 837.224 1043.42 1085.09 1075.17 1012.35 1036.95 1015.89 1046.14 1076.72 1125.79 1082.8 1065.67 1033.56 1061.48 1065.37 968.038 1064.24 1043.65 994.634 990.756 1035.8 1063.35 1086.74 1018.73 1048.31 1049.18 1038.61 1042.55 1001.84 1051.13 970.813 1022.44 1068.24 1048.89 
856.584 845.624 850.556 839.034 900.949 814.505 874.934 886.771 924.909 852.405 945.807 782.904 888.838 836.094 848.68 898.027 849.531 837.224 840.599 872.236 893.425 873.69 832.845 827.442 889.738 865.332 895.425 819.39 884.098 871.387 916.604 859.461 867.489 851.317 862.572 881.316 874.384 892.922 897.96 916.348 849.88 879.689 917.52 864.84 881.485 836.258 802.82 852.964 972.05 842.521 852.016 
533.663 506.296 484.234 482.29 504.138 507.33 502.49 475.286 505.404 487.833 534.364 541.579 502.78 464.745 481.725 487.391 501.68 550.373 475.513 507.732 504.208 491.849 474.224 474.64 487.003 500.904 540.083 463.094 502.224 476.044 483.356 485.743 498.672 497.587 512.132 507.339 502.874 501.459 523.515 508.134 466.203 541.824 503.277 468.118 513.277 467.992 488.987 486.619 516.457 468.733 486.577 
315.96 310.681 312.383 312.052 312.458 314.206 312.598 309.824 310.997 313.142 315.277 317.6 311.527 311.667 312.143 311.861 313.387 313.392 309.904 311.707 312.762 312.971 310.147 309.922 310.969 312.067 315.271 309.59 312.016 312.306 311.453 310.837 312.441 312.327 312.705 311.287 311.133 313.169 312.507 311.729 310.514 351.467 310.972 311.21 311.113 310.984 312.113 310.82 314.039 310.707 310.314 
300.775 300.396 300.517 300.442 300.635 300.702 300.52 300.465 300.517 300.54 300.638 300.663 300.634 300.531 300.452 300.494 300.49 300.666 300.497 300.515 300.564 300.568 300.428 300.421 300.509 300.51 300.66 300.485 300.476 300.529 300.581 300.541 300.597 300.489 300.493 300.46 300.521 300.648 300.656 300.571 300.429 337.898 300.554 300.479 300.422 300.535 300.607 300.445 300.66 300.455 300.456 
300.018 300.011 300.011 300.015 300.013 300.02 300.017 300.012 300.012 300.015 300.018 300.018 300.015 300.013 300.015 300.014 300.012 300.018 300.01 300.012 300.016 300.014 300.012 300.011 300.011 300.014 300.018 300.011 300.01 300.012 300.014 300.013 300.014 300.012 300.012 300.012 300.017 300.019 300.021 300.014 300.011 337.253 300.016 300.012 300.013 300.013 300.013 300.012 300.017 300.012 300.01 
300 300 300 300 300 300 300 300 300 300 300 300 300 300 300 300 300 300 300 300 300 300 300 300 300 300 300 300 300 300 300 300 300 300 300 300 300 300 300 300 300 337.235 300 300 300 300 300 300 300 300 300 
300 300 300 300 300 300 300 300 300 300 300 300 300 300 300 300 300 300 300 300 300 300 300 300 300 300 300 300 300 300 300 300 300 300 300 300 300 300 300 300 300 337.235 300 300 300 300 300 300 300 300 300 
300 300 300 300 300 300 300 300 300 300 300 300 300 300 300 300 300 300 300 300 300 300 300 300 300 300 300 300 300 300 300 300 300 300 300 300 300 300 300 300 300 337.235 300 300 300 300 300 300 300 300 300 
300 300 300 300 300 300 300 300 300 300 300 300 300 300 300 300 300 300 300 300 300 300 300 300 300 300 300 300 300 300 300 300 300 300 300 300 300 300 300 300 300 337.235 300 300 300 300 300 300 300 300 300 
300 300 300 300 300 300 300 300 300 300 300 300 300 300 300 300 300 300 300 300 300 300 300 300 300 300 300 300 300 300 300 300 300 300 300 300 300 300 300 300 300 337.235 300 300 300 300 300 300 300 300 300 
300 300 300 300 300 300 300 300 300 300 300 300 300 300 300 300 300 300 300 300 300 300 300 300 300 300 300 300 300 300 300 300 300 300 300 300 300 300 300 300 300 337.235 300 300 300 300 300 300 300 300 300 
