608.708 666.485 724.431 497.484 677.927 489.737 705.482 625.767 359.543 609.671 574.837 673.619 504.894 600.284 571.628 721.166 589.361 693.722 655.624 649.969 605.952 589.403 509.933 660.777 558.613 636.209 636.037 602.101 632.917 632.235 656.552 599.275 628.201 614.766 642.944 523.639 658.434 544.081 599.73 501.415 575.471 539.213 562.961 599.368 494.382 628.507 484.764 573.463 665.654 576.516 557.207 
263.645 280.375 318.164 247.562 219.558 215.659 290.535 253.313 316.87 293.419 306.712 257.105 314.723 282.429 292.327 252.438 238.799 273.563 244.889 247.467 286.817 242.398 286.995 342.114 242.514 305.525 289.755 239.487 209.044 258.671 275.302 260.91 224.293 223.84 291.533 275.612 332.177 212.155 283.603 242.266 272.252 247.412 242.441 273.541 252.325 265.264 295.547 301.35 312.686 317.147 276.947 
147.591 173.181 169.603 153.172 154.11 156.016 157.998 128.38 170.207 129.244 157.778 168.083 160.213 158.242 158.051 177.022 159.059 166.889 174.779 131.261 172.981 171.798 147.305 172.552 132.62 151.928 168.151 125.459 150.005 158.78 161.566 171.27 116.73 175.43 149.429 154.982 166.88 131.675 148.676 124.447 156.374 161.107 148.969 172.038 177.405 157.656 164.522 162.397 180.064 145.474 140.839 
77.0478 96.8298 90.6595 87.6837 94.1396 83.7141 95.6951 86.2685 100.414 95.8258 84.4992 103.122 88.0024 94.5364 101.254 102.972 86.9541 88.526 87.0735 94.5094 94.4222 87.9534 81.3492 94.8828 88.3875 88.8027 89.0409 90.018 81.5008 86.5163 97.6031 88.652 80.0575 92.4962 95.1796 88.1793 97.1251 78.2718 97.3703 93.773 90.2175 97.4931 97.0719 98.0375 93.7063 92.9802 85.1589 91.2665 89.972 90.802 90.541 
38.5202 38.4594 29.9888 35.3154 34.0157 32.0201 27.424 40.2571 35.6443 28.3889 35.4513 48.1656 30.9387 42.2031 46.1758 38.2953 28.0489 31.1157 31.9226 34.1981 39.9642 31.5037 30.8006 42.8764 36.9397 29.8064 30.7652 28.3463 32.3679 26.3179 43.0215 35.6072 27.776 43.8149 44.5867 29.0418 44.0605 31.0471 46.8482 34.33 32.2978 39.41 45.2926 39.5084 43.1513 40.8754 41.7597 39.5587 41.7458 38.564 32.1651 
13.9635 13.5807 13.6165 14.0491 13.7825 13.57 13.5353 13.7999 13.6815 13.612 13.6079 14.244 13.6853 14.519 14.6614 13.7872 13.3359 13.4857 15.4818 13.5733 13.672 13.6026 13.4303 14.1337 13.4556 13.3136 13.7032 13.1051 13.1462 13.1431 13.4984 13.628 13.6148 13.8005 14.1886 13.488 14.3081 14.6506 14.099 13.8505 13.4139 13.5283 14.0645 13.7678 13.892 14.8788 13.5442 13.6186 13.9661 13.5443 13.4129 
12.8863 12.5418 12.8683 12.7727 12.8144 12.5867 12.6286 12.6314 12.9028 12.7912 12.913 12.648 12.7488 12.3205 12.9124 12.9183 12.6248 12.5787 14.177 12.4549 12.7429 13.0275 12.7761 12.9367 12.3927 12.6788 12.7292 12.1913 12.6506 12.5899 12.8436 12.9234 12.7298 12.246 12.844 12.5113 12.9451 13.5317 12.6218 12.542 12.7793 12.488 12.9249 12.2477 12.6945 13.4047 11.9879 12.2555 12.726 12.5075 12.8795 
12.489 12.0567 12.4045 12.5923 12.5487 12.2277 12.2043 12.5373 12.294 12.1474 12.6729 12.4278 12.352 11.7427 12.6045 12.2354 12.3242 12.3053 13.7521 12.1513 12.307 12.5471 12.5493 12.5178 11.9164 12.3666 12.1686 12.039 12.3106 12.5171 12.4733 12.6697 12.3 12.1319 12.4596 11.9338 12.7274 13.3081 12.0578 12.3911 12.4164 12.2809 12.3144 12.0018 12.4592 13.0401 11.5263 11.7828 12.1701 12.2111 12.4598 
12.2027 11.9567 12.2111 12.0049 12.2263 12.033 11.9403 12.235 11.9756 11.9126 12.4875 11.9567 11.9962 11.488 12.2619 12.0362 11.8507 11.9498 13.3675 12.1513 12.051 12.1235 12.0315 12.3736 11.7479 12.0981 11.9627 11.8115 12.0802 12.103 12.1543 12.2357 12.3 11.8796 12.3704 8.98448 12.4142 12.9715 11.613 12.233 12.4164 12.0527 12.0536 11.5436 12.2614 12.6337 11.2782 11.5326 11.9962 11.9865 12.0529 
12.0973 11.8105 12.0986 11.6785 12.0158 11.7878 11.8778 12.0335 11.5035 11.8169 12.1234 11.6384 11.8985 10.9607 11.7962 11.8604 11.5678 11.7389 13.287 11.6914 11.8799 11.9428 11.6657 11.8804 11.5539 11.6735 11.9127 11.0901 11.7031 11.7095 12.0285 12.1216 11.9301 11.6168 11.8599 8.00398 12.0009 12.7029 11.4217 11.9256 11.8833 11.8419 11.7096 11.4067 11.9445 12.3227 10.9636 11.1928 11.9102 11.869 11.7687 
11.7942 11.5753 11.6952 11.424 11.741 11.5849 11.8445 11.7157 11.3686 11.1185 11.7141 11.3395 11.8562 10.7395 11.6482 11.7466 11.1294 11.7024 13.1214 11.427 11.493 11.8764 11.3274 11.6247 11.3583 11.3285 11.8587 10.9869 11.6087 11.4169 11.8209 11.9098 11.859 11.4953 11.7172 7.84077 11.8354 12.6333 11.1131 11.7095 11.7839 11.6711 11.0853 11.2012 11.5503 12.1944 10.7175 11.071 11.8549 11.7386 11.3833 
11.4517 11.5727 11.484 11.3376 11.7103 11.5458 11.1455 11.5055 10.5404 10.6118 11.5454 9.06438 11.82 10.5606 11.4489 9.76105 11.0101 11.6102 12.6666 11.2409 11.4335 11.859 9.88095 11.4141 10.9869 10.4059 10.2207 10.8737 11.4783 11.3489 11.5872 11.6463 11.5358 11.1657 11.3919 7.56012 11.5396 12.5217 10.9502 11.5504 11.5136 11.4675 11.0233 10.9418 11.2597 11.7666 10.5204 11.0258 10.9316 11.6178 11.0382 
11.039 10.7409 10.1819 10.887 11.0391 10.6367 9.42968 10.8462 10.3226 10.468 11.3372 6.58559 10.2693 9.75991 8.43258 9.17447 9.91751 10.7216 11.9215 10.8611 10.7928 9.70186 7.60453 9.06989 10.3774 6.80192 9.99534 10.4456 11.0914 10.1561 11.2045 11.3573 10.9944 10.3923 9.13538 7.49512 9.59602 12.4767 10.0315 11.1556 10.818 11.1007 10.9225 10.1715 10.9404 11.5243 9.80082 10.133 7.9714 10.9115 9.86161 
8.92044 9.8088 6.77074 6.81709 8.13904 8.91172 7.83828 7.0873 6.81041 9.46434 7.4626 6.17981 8.36957 8.71801 6.77779 7.21201 7.98103 9.85243 10.7014 8.42554 7.73462 7.75604 6.65973 6.95178 9.41378 6.5612 9.23371 8.9502 10.3831 7.33421 9.736 10.3025 7.76994 8.15935 6.38925 5.56982 6.95975 10.4893 9.2351 9.14981 7.13306 8.1344 10.328 7.1078 7.60794 8.03015 8.04489 8.71718 7.39031 10.2011 6.37825 
