3.10351 2.00969 1.8231 1.96593 2.04523 2.55513 2.69015 1.53271 2.07468 2.52522 3.38627 1.79347 3.30981 1.89914 2.32492 2.24277 3.05885 2.93327 2.2979 2.44033 2.46611 2.10099 2.56283 2.98356 2.38426 2.50145 2.80761 2.5864 2.5879 3.01489 3.87765 2.02054 2.55667 3.16778 2.38861 2.72179 1.24976 2.00395 2.29454 2.53029 2.27042 2.78685 2.2158 1.7412 2.56184 2.5114 2.59818 3.34036 2.36464 1.70085 2.98687 
3.10351 2.00969 1.8231 1.96593 1.64292 1.79654 1.63544 1.53271 2.07468 1.82219 3.31292 1.79347 2.71471 1.89914 2.22161 2.24277 2.4397 2.82352 2.2979 2.44033 2.46611 2.10099 2.0668 2.84208 2.3503 2.50145 2.80761 2.5864 2.5879 3.01489 1.96116 1.89329 2.55667 2.55405 2.38861 2.25302 1.24976 1.68912 1.508 2.53029 2.1578 2.78685 2.07228 1.7412 2.56184 2.5114 2.59818 3.09306 2.36464 1.70085 2.62698 
3.05231 1.87454 1.8231 1.96593 0.857331 1.79654 1.63544 1.53271 2.07468 1.72708 1.50459 1.79347 2.11132 1.78684 1.61612 2.24277 1.53958 2.73269 2.17458 2.44033 2.46611 2.10099 2.0668 2.72007 2.3503 2.44939 2.80761 2.18234 1.76021 2.63501 1.96116 1.89329 2.35322 1.93962 1.7305 2.25302 1.24976 1.68912 1.508 2.53029 2.1578 1.92083 2.07228 1.7412 2.56184 2.5114 2.59818 2.83812 2.36464 1.70085 1.88877 
1.65653 1.87454 1.3008 1.92941 0.857331 1.79654 1.63544 1.53271 2.07468 1.72708 1.50459 1.79347 2.11132 1.78684 1.61612 1.36793 1.53958 1.81535 2.17458 1.9441 1.9503 2.10099 2.0668 2.45775 2.29466 2.31174 1.1723 2.18234 1.76021 1.88226 1.79472 1.89329 1.90993 1.93962 1.7305 2.25302 1.24976 1.52225 1.508 1.55822 1.42387 1.87205 2.07228 1.7412 1.94036 0.576132 2.32295 2.02445 2.36464 1.70085 1.54034 
1.65653 1.64405 1.3008 1.19704 0.857331 1.73652 1.55581 0.983863 1.98258 1.72708 1.50459 1.37572 1.21133 1.78684 1.61612 1.36793 1.46464 1.81535 1.98857 1.35493 1.6212 1.99867 1.28464 1.74874 1.86998 1.45305 1.1723 1.85037 1.58305 1.88226 1.25803 1.89329 1.29363 1.82602 1.72179 2.02298 1.24976 1.08926 1.508 1.55822 1.2827 1.87205 1.76819 1.7412 1.73595 0.576132 1.87385 1.66683 1.63112 1.70085 1.54034 
1.65653 1.64405 1.3008 1.19704 0.857331 1.42035 1.55581 0.983863 1.21095 1.40979 0.962855 1.37572 1.18433 1.78684 1.4118 1.36793 1.46464 1.67821 1.48908 1.19362 1.0129 1.39096 1.13802 1.69198 1.43082 1.45305 1.1723 1.76636 1.39353 1.82863 1.25803 1.38248 1.00156 1.38054 1.70617 2.01063 1.24976 1.08926 1.508 1.33758 1.2827 1.64645 1.20779 1.7412 1.21105 0.576132 0.479861 1.66683 1.63112 1.70085 1.46588 
1.65653 1.64405 1.3008 1.12371 0.857331 1.26673 1.3345 0.983863 1.21095 1.40979 0.962855 1.02571 1.18433 1.019 1.4118 1.36793 1.39597 1.67821 1.48908 1.19362 1.0129 1.39096 1.13802 1.27776 1.39417 1.10159 1.1723 1.41277 1.36438 1.65651 1.25803 1.38248 1.00156 1.38054 1.70617 1.75941 1.08371 1.08926 1.08218 1.12992 1.1654 1.38991 1.20779 1.2038 1.21105 0.576132 0.479861 1.2471 1.11535 1.70085 1.46588 
1.65653 1.05121 1.20212 1.02828 0.857331 0.899923 1.2695 0.97957 1.21095 1.01117 0.962855 0.907411 0.832696 1.019 1.37446 1.23491 0.809188 1.16639 1.46014 1.12557 0.941259 1.39096 1.13802 0.753681 1.28218 0.675826 0.80016 1.28037 1.00025 1.19263 1.21467 1.38248 0.580836 1.23017 1.37628 1.50875 1.08371 0.887096 1.08218 1.09493 0.531258 1.19982 1.20779 0.553711 0.551472 0.576132 0.479861 1.2471 1.11535 1.28816 1.09025 
1.65653 0.888928 1.20212 0.766115 0.819262 0.466825 0.423139 0.556226 0.933487 0.719113 0.705494 0.753667 0.734061 1.019 0.809361 0.875821 0.422982 0.824087 1.09078 1.12557 0.750073 1.18096 1.13802 0.473613 0.883993 0.675826 0.80016 0.893922 0.881697 1.19263 0.855101 1.26646 0.580836 0.539675 0.996507 1.50875 0.798835 0.887096 0.750351 0.495471 0.531258 0.771813 1.20779 0.553711 0.551472 0.576132 0.479861 0.62052 0.323271 1.28816 0.567088 
1.20098 0.571387 1.05577 0.534172 0.668954 0.466825 0.254541 0.366675 0.628708 0.572311 0.479729 0.30362 0.556092 0.627366 0.637045 0.288982 0.422982 0.333853 1.05685 0.89629 0.406662 0.977927 0.872768 0.36758 0.883993 0.321463 0.548895 0.426406 0.767772 1.0085 0.375281 0.506898 0.580836 0.402034 0.408094 1.50875 0.609517 0.655899 0.450061 0.495471 0.531258 0.476863 1.04856 0.456566 0.551472 0.484126 0.332296 0.515636 0.323271 1.03882 0.521251 
1.17399 0.291614 0.843192 0.198333 0.469848 0.263278 0.229111 0.212036 0.438359 0.403441 0.414961 0.236805 0.340537 0.416183 0.247607 0.204809 0.270421 0.221607 0.484868 0.530686 0.232754 0.253137 0.697434 0.36758 0.69722 0.287114 0.516258 0.262443 0.446348 0.592184 0.187603 0.262915 0.417559 0.402034 0.235159 1.50705 0.275152 0.36105 0.39352 0.305707 0.531258 0.188527 0.578439 0.29596 0.273354 0.273877 0.309394 0.314437 0.232764 0.593505 0.399246 
0.950142 0.161321 0.324446 0.156572 0.2042 0.142742 0.109013 0.185346 0.23879 0.209914 0.134407 0.210154 0.198538 0.261853 0.168924 0.1362 0.160474 0.160709 0.264281 0.436636 0.194953 0.217641 0.492417 0.157149 0.279593 0.125559 0.207058 0.199909 0.294981 0.525258 0.184019 0.201028 0.417559 0.255531 0.197579 0.783671 0.216682 0.278737 0.150963 0.216059 0.277417 0.154134 0.457565 0.208912 0.199693 0.179816 0.183119 0.179702 0.155806 0.275009 0.294375 
0.0950196 0.0680517 0.0754747 0.0406321 0.0271012 0.0435256 0.0226146 0.147248 0.20397 0.0765619 0.0403957 0.0396385 0.064636 0.115796 0.0977511 0.0826007 0.062828 0.0429822 0.0633669 0.138502 0.133984 0.0796443 0.212973 0.0808717 0.0943242 0.000749077 0.106479 0.0724847 0.170102 0.106213 0.0286034 0.0295691 0.381246 0.138593 0.0517587 0.0194953 0.118228 0.112714 0.0462405 0.0380966 0.0091352 0.0680226 0.0935814 0.0870818 0.0200088 0.0410831 0.108931 0.145657 0.109066 0.0874719 0.110838 
0.095013 0.0402333 0.0713343 0.0355276 0.0270078 0.0355469 0.0219187 0.0753466 0.00305476 0.0505898 0.0305803 0.0394839 0.064072 0.062049 0.062858 0.0537123 0.0628098 0.0429816 0.0152511 0.0773213 0.0566954 0.0191226 0.023501 0.0799485 0.00554764 2.95722e-07 0.0630669 0.0706423 0.170069 0.0363698 0.0267003 0.0213769 0.0624767 0.115298 0.019878 0.0193548 0.0284155 0.11212 0.0462227 0.0375452 0.00898712 0.059261 0.0935312 0.0489808 0.0199195 0.0379855 0.0864357 0.0843151 0.0567079 0.0689132 0.0182112 
