2.48838e+09 2.40472e+09 2.41385e+09 2.88902e+09 2.85416e+09 2.49765e+09 2.58231e+09 2.43716e+09 2.62421e+09 2.76024e+09 2.49134e+09 2.86624e+09 2.21328e+09 3.19684e+09 2.97042e+09 2.48429e+09 2.86232e+09 2.92675e+09 2.404e+09 2.87372e+09 2.73152e+09 1.96455e+09 2.15027e+09 2.93541e+09 3.3799e+09 2.60361e+09 2.85657e+09 2.47075e+09 2.60166e+09 2.85355e+09 2.60209e+09 2.58625e+09 2.43158e+09 2.91414e+09 1.87544e+09 2.08994e+09 2.23549e+09 2.54649e+09 2.49684e+09 3.36902e+09 2.9543e+09 2.83354e+09 2.459e+09 2.32392e+09 2.97183e+09 2.61527e+09 1.83646e+09 2.77204e+09 2.80245e+09 2.84191e+09 2.36953e+09 
5.88453e+08 7.7734e+08 6.13339e+08 6.86364e+08 7.94464e+08 7.25989e+08 7.83123e+08 4.8674e+08 7.09896e+08 6.48701e+08 6.11593e+08 6.52116e+08 8.23308e+08 6.49504e+08 4.95109e+08 5.36952e+08 5.45058e+08 6.75377e+08 7.27239e+08 7.30451e+08 7.36024e+08 8.34965e+08 5.02697e+08 5.32858e+08 7.00937e+08 6.25598e+08 5.33107e+08 6.23777e+08 5.57864e+08 7.49081e+08 7.45091e+08 5.09757e+08 7.70261e+08 6.61951e+08 6.80681e+08 7.14083e+08 6.02172e+08 6.24915e+08 5.92464e+08 6.68608e+08 6.87407e+08 7.44192e+08 7.4333e+08 4.58008e+08 6.57025e+08 6.26181e+08 6.27826e+08 7.20522e+08 7.07596e+08 6.16038e+08 6.69213e+08 
1.91089e+08 2.16149e+08 1.55049e+08 2.68065e+08 2.65919e+08 1.8836e+08 2.09269e+08 1.49975e+08 2.09363e+08 1.72055e+08 2.33716e+08 2.2807e+08 2.49311e+08 2.483e+08 1.76356e+08 2.26302e+08 1.91896e+08 2.39587e+08 2.08776e+08 2.38012e+08 1.54949e+08 2.34883e+08 2.30107e+08 2.39554e+08 2.17445e+08 2.17204e+08 2.01943e+08 2.04605e+08 1.85158e+08 2.17119e+08 1.72308e+08 1.74614e+08 2.25082e+08 2.06779e+08 2.53547e+08 2.28371e+08 2.17994e+08 2.31183e+08 2.44594e+08 2.11122e+08 1.88557e+08 2.19379e+08 2.17103e+08 2.12493e+08 2.07545e+08 2.55604e+08 1.88843e+08 2.37141e+08 2.7951e+08 2.17696e+08 2.50622e+08 
4.01806e+07 4.17407e+07 3.52543e+07 4.50945e+07 4.65849e+07 3.36714e+07 5.44045e+07 4.05892e+07 5.12102e+07 4.20721e+07 5.50722e+07 3.73129e+07 3.08052e+07 4.06366e+07 3.12716e+07 4.1862e+07 3.51496e+07 4.37323e+07 4.10976e+07 4.717e+07 4.60146e+07 4.73002e+07 3.8984e+07 4.27773e+07 3.53289e+07 4.40537e+07 3.2982e+07 4.75963e+07 5.04255e+07 3.76227e+07 4.06054e+07 4.39572e+07 3.80433e+07 3.20117e+07 4.01111e+07 3.83434e+07 4.22249e+07 3.81113e+07 4.50355e+07 3.44058e+07 3.70843e+07 4.29631e+07 4.20596e+07 4.58872e+07 3.72012e+07 4.61781e+07 3.39838e+07 4.44113e+07 4.89669e+07 4.64914e+07 3.90957e+07 
400130 484033 443637 636879 633855 530911 320269 461872 737191 543651 378171 685618 655841 491506 545872 563939 423865 611421 606388 400930 515431 621194 606051 617167 573331 550682 576064 515118 621725 558716 601611 647562 632321 518788 469719 688501 596197 499249 682345 582077 561110 550497 512482 636150 542470 715976 519990 721215 551205 553788 695125 
14462.4 14448 13823.1 15400.2 16913.6 15572.6 15238.8 11069.6 15659.8 17884.7 16169.5 17458.4 17118 11417.1 11514.3 16295 12005.5 10325.5 15279.9 14381.8 14948.1 10362.9 13877.6 16596.5 12643.1 16487.4 13365.6 15441.1 16574.1 14701 17588.2 13318.9 19248.9 15946.6 13877.3 15375.8 11599.4 16332.1 18845.9 17518.2 12290.3 13382.8 17522.4 13423 16013.1 15711.1 12836.7 15206.9 16886.9 15335.4 15644.1 
3104.61 2775.19 2685.36 2778.06 2283.46 3312.67 2796.95 2675.11 2896.23 2792.76 3168.76 2693.14 2846.06 2606.47 2678.08 3192.88 2451.44 2484.69 2953.73 2998.52 3299.13 2655.02 3059.92 2798.37 2836.45 2967.55 2900.69 2913.1 3431.82 3006.78 3057.42 2999.26 2923.95 3206.51 2790.38 3150.27 2788.63 3586.45 3552.58 3362.62 2767.25 2918.41 3371.95 2869.8 2899.16 2627.31 2893.57 2870.9 2942.3 2903.14 2993.43 
2264.4 1698.86 1952.46 1957.72 1504.8 1914.16 1910.21 1612.25 2011.39 1991.51 2208.08 1690.61 1913.52 1920.15 1847.67 1997.33 1641.04 1525.47 2005.55 2175.22 1899.67 1806.93 1599.21 2033.53 2137.22 1460.63 2080.47 1877.65 1893.12 1992.6 2198.68 2082.27 1786.29 1677.26 1794.03 1893.55 1476.06 2068.12 1955.1 2231.34 2118.73 1648.12 2397.7 1791.2 2010.41 1393.34 1609.65 1843.78 1739.98 1999.48 1814.09 
1484.22 1141.16 1574.17 1591.71 1073.63 1018.79 1472.27 1181.06 1012.37 1397.42 1793.19 1235.58 1200.66 996.478 1161.08 1397.51 1099.27 1067.19 1696.73 1581.25 1277.59 995.677 1080.87 1238.04 1591.7 941.995 1259.34 1632.13 1024.44 1634.37 1340.53 1305.09 1244.27 997.546 1307.58 1327.08 841.585 1287.87 1026.68 1068.82 1286.76 1184.38 1577.92 1061.39 1343.86 1007.48 1142.86 1140.08 1055.51 1378.44 1532.86 
1069.09 837.465 1472.46 1299.58 798.696 846.217 957.352 832.229 818.602 938.938 1062.97 974.437 937.035 840.225 899.818 1118.05 976.141 870.171 1638.11 1021.29 980.379 842.703 930.209 833.669 1073.15 728.973 1027.51 1223.61 963.608 1399.97 1096.42 1016.36 931.33 757.37 920.441 920.302 748.675 1025.03 817.466 751.431 898.923 977.24 1156.58 782.376 927.824 908.645 853.735 860.344 816.233 1163.2 1484.93 
917.294 791.623 1454.27 1006.63 764.051 788.512 745.784 748.6 797.586 837.2 819.776 930.271 784.995 803.402 792.327 853.456 887.246 800.363 1525.33 755.128 799.263 751.057 755.43 810.434 872.492 713.565 849.195 1057.67 899.245 1228.54 919.641 861.124 819.002 725.85 809.637 902.375 729.295 1008.56 800.849 717.058 855.534 885.125 898.854 746.004 915.958 806.098 804.784 826.15 786.999 849.442 1447.06 
889.021 775.72 1396.92 868.143 757.67 758.869 732.452 745.089 788.326 834.046 777.127 917.898 764.591 790.498 710.166 849.608 846.849 796.489 1462.99 734.674 791.341 739.198 749.731 794.093 851.177 710.836 731.671 737.755 893.188 1008.95 764.244 848.475 810.768 719.014 785.457 897.767 724.914 782.487 795.837 712.143 851.191 829.577 749.255 729.136 913.339 795.537 791.651 819.099 773.718 816.969 1421.58 
768.014 770.272 1356.6 852.854 757.132 754.82 725.17 744.199 762.974 831.236 774.194 908.596 740.664 789.219 707.637 849.021 836.185 795.19 1419.18 731.774 788.459 738.165 737.939 792.089 844.515 709.02 719.593 722.347 886.524 994.095 720.376 843.964 808.016 715.133 770.989 896.25 722.03 772.949 785.962 711.142 849.157 815.284 736.203 720.398 895.713 790.275 790.128 818.021 772.671 768.692 1408.07 
757.973 746.547 1315.63 836.817 756.996 751.21 721.956 742.94 756.653 786.261 753.794 903.021 720.831 756.656 707.325 823.8 783.604 794.754 1316.64 730.995 786.593 737.72 732.025 769.467 838.936 708.844 718.018 721.657 863.446 986.959 718.663 829.248 772.98 710.393 752.198 884.341 721.069 749.615 774.223 710.751 847.237 809.736 735.002 715.409 766.383 786.262 786.955 817.778 772.299 760.848 1353.33 
