159.554 161.813 160.029 162.331 163.766 163.172 163.883 159.132 158.711 165.332 164.33 161.965 163.243 161.854 162.819 162.593 160.326 159.54 162.924 159.729 162.894 164.133 162.073 161.062 161.451 161.019 163.321 159.934 159.491 161.875 158.557 159.499 157.57 158.222 154.255 160.174 156.465 161.249 156.58 160.841 159.395 162.268 158.159 164.919 163.09 161.299 162.721 163.476 162.898 158.37 157.844 
159.171 156.022 156.615 156.223 155.666 158.058 150.956 154.412 154.05 155.612 153.214 156.26 157.321 154.688 155.649 150.44 155.7 158.626 155.964 156.85 156.452 150.507 158.058 156.362 155.379 157.765 159.148 156.32 154.306 160.579 155.223 153.533 155.105 156.741 154.255 153.35 156.419 154.262 155.524 153.658 157.417 157.698 157.893 156.395 144.504 156.386 152.243 152.272 156.75 157.391 157.844 
152.169 148.093 152.938 152.125 145.65 146.71 150.956 151.879 147.108 148.382 147.115 149.113 149.466 148.996 151.897 147.548 152.428 149.674 152.189 154.015 151.258 150.507 152.177 154.127 151.216 149.45 151.238 151.585 147.924 152.277 152.226 152.697 146.764 151.796 151.543 151.911 149.703 150.736 145.585 152.788 144.058 149.44 149.124 151.286 137.923 149.256 152.243 151.983 151.926 149.65 150.238 
139.613 126.213 140.952 141.994 136.865 136.444 141.263 133.019 138.176 137.312 135.44 137.9 131.211 139.596 139.033 131.293 137.742 134.367 141.496 138.66 137.738 140.86 134.745 138.499 141.568 140.41 134.183 139.979 136.381 138.526 137.678 143.464 139.833 140.396 137.42 141.779 136.907 129.427 137.788 140.119 133.806 137.542 140.301 141.218 136.874 129.747 138.027 137.787 137.984 139.881 142.212 
78.3533 61.1502 77.0119 82.364 79.6533 64.0906 84.1877 79.919 67.1974 67.894 75.9142 81.8051 68.4953 76.9108 74.4507 72.1256 73.4717 76.6444 73.2034 82.6967 72.7563 74.9515 78.1897 85.2646 81.4138 75.7326 76.9535 83.8029 72.9647 85.5437 74.3888 87.156 83.4583 78.7678 72.6695 76.4917 74.6604 73.1689 74.1641 83.7713 67.5145 77.3023 85.5615 83.2509 83.3755 72.8252 77.5953 81.0515 83.5156 75.8316 78.2115 
13.6492 10.3597 13.6557 12.5223 14.938 7.50061 14.1215 14.7104 8.82292 11.6973 12.0204 17.4525 10.4559 9.17978 12.7705 11.0295 11.6003 8.17819 7.21188 15.5581 11.2224 12.8851 17.7527 15.6559 14.8997 15.0747 11.8662 13.2915 13.284 18.4766 10.5729 17.4931 13.4843 14.4005 13.264 9.46369 14.7796 14.5502 10.4323 15.9661 10.4473 13.5076 16.497 14.0014 12.0718 12.1419 12.0758 7.64941 15.4215 9.99775 17.734 
6.8674 5.45848 6.83685 6.09228 5.82171 2.80874 8.06661 8.38181 3.78441 6.37048 5.24781 8.7444 4.85447 2.86579 6.47028 4.69729 5.69499 2.48638 1.27267 7.68763 4.96194 5.88101 9.62728 7.20854 8.25712 8.56896 5.15802 5.74144 6.39212 11.8605 3.78247 11.063 6.52676 7.27642 7.74924 2.47096 9.29032 8.66908 5.39254 8.08435 5.04691 7.0648 9.41307 6.90313 5.4866 6.04358 5.77639 1.66711 7.41721 3.57413 10.9613 
6.36047 5.15649 6.37311 5.62678 5.12968 2.47611 7.62692 7.92434 3.41667 5.96517 4.78444 8.13534 4.41768 2.45738 6.09628 4.20079 5.27027 2.07549 0.836861 6.90198 4.39023 5.39355 8.94919 6.52091 7.80373 8.04388 4.66079 5.20169 5.86411 11.4833 3.32821 10.5478 6.02059 6.83147 7.27872 2.03203 8.84263 8.08174 4.99809 7.56694 4.66943 6.6478 8.80009 6.34366 4.96854 5.5611 5.39613 1.22945 6.89347 3.11192 10.2741 
6.33336 5.13723 6.34365 5.59936 5.09239 2.45873 7.60639 7.89522 3.39871 5.93576 4.76105 8.08801 4.39697 2.43413 6.07272 4.17055 5.24742 2.05207 0.815996 6.86348 4.36221 5.37037 8.9183 6.48685 7.77756 8.02007 4.63812 5.17437 5.83679 11.4601 3.30527 10.5198 5.99772 6.80653 7.25224 2.00847 8.8199 8.05397 4.97924 7.54288 4.64818 6.62378 8.76746 6.31916 4.93925 5.53128 5.3717 1.20784 6.85722 3.08816 10.2356 
6.33239 5.13648 6.34285 5.59848 5.09128 2.45835 7.60577 7.8944 3.3982 5.93473 4.76031 8.08654 4.39635 2.43341 6.07201 4.16957 5.24663 2.05128 0.815187 6.86239 4.36125 5.36959 8.91734 6.48582 7.77671 8.01936 4.63744 5.17357 5.83586 11.4593 3.3046 10.5189 5.99702 6.80565 7.25123 2.00727 8.8192 8.05322 4.97876 7.54207 4.64745 6.62289 8.76668 6.31841 4.93841 5.5302 5.37087 1.20726 6.85592 3.08699 10.2345 
6.33239 5.13648 6.34285 5.59848 5.09128 2.45835 7.60577 7.8944 3.3982 5.93473 4.76031 8.08654 4.39635 2.43341 6.07201 4.16957 5.24663 2.05128 0.815186 6.86238 4.36125 5.36959 8.91734 6.48582 7.77671 8.01936 4.63743 5.17357 5.83586 11.4593 3.3046 10.5189 5.99702 6.80565 7.25123 2.00726 8.8192 8.05322 4.97876 7.54207 4.64744 6.62289 8.76668 6.31841 4.93841 5.5302 5.37087 1.20726 6.85592 3.08699 10.2345 
6.33239 5.13648 6.34285 5.59848 5.09128 2.45835 7.60577 7.8944 3.3982 5.93473 4.76031 8.08654 4.39635 2.43341 6.07201 4.16957 5.24663 2.05128 0.815186 6.86238 4.36125 5.36959 8.91734 6.48582 7.77671 8.01936 4.63743 5.17357 5.83586 11.4593 3.3046 10.5189 5.99702 6.80565 7.25123 2.00726 8.8192 8.05322 4.97876 7.54207 4.64744 6.62289 8.76668 6.31841 4.93841 5.5302 5.37087 1.20726 6.85592 3.08699 10.2345 
6.33239 5.13648 6.34285 5.59848 5.09128 2.45835 7.60577 7.8944 3.3982 5.93473 4.76031 8.08654 4.39635 2.43341 6.07201 4.16957 5.24663 2.05128 0.815186 6.86238 4.36125 5.36959 8.91734 6.48582 7.77671 8.01936 4.63743 5.17357 5.83586 11.4593 3.3046 10.5189 5.99702 6.80565 7.25123 2.00726 8.8192 8.05322 4.97876 7.54207 4.64744 6.62289 8.76668 6.31841 4.93841 5.5302 5.37087 1.20726 6.85592 3.08699 10.2345 
6.33239 5.13648 6.34285 5.59848 5.09128 2.45835 7.60577 7.8944 3.3982 5.93473 4.76031 8.08654 4.39635 2.43341 6.07201 4.16957 5.24663 2.05128 0.815186 6.86238 4.36125 5.36959 8.91734 6.48582 7.77671 8.01936 4.63743 5.17357 5.83586 11.4593 3.3046 10.5189 5.99702 6.80565 7.25123 2.00726 8.8192 8.05322 4.97876 7.54207 4.64744 6.62289 8.76668 6.31841 4.93841 5.5302 5.37087 1.20726 6.85592 3.08699 10.2345 
