0.190545
0.117218
0.114054
0.113499
0.119066
0.127669
0.137071
0.139913
0.141432
0.142836
0.142019
0.14147
0.141735
0.140795
0.140329
0.135504
0.135292
0.131368
0.131898
0.129849
0.12709
0.12572
0.12678
0.123216
0.120484
0.121372
0.119944
0.118951
0.116829
0.116133
0.11504
0.115444
0.113647
0.113472
0.112807
0.111948
0.109809
0.106287
0.106857
0.104019
0.102196
0.102153
0.0970771
0.0986355
0.0969235
0.0938781
0.0917462
0.0921199
0.0897524
0.087106
0.0853507
0.0809442
0.0797207
0.0782981
0.073948
0.0688878
0.0679615
0.0654291
0.0625227
0.0592328
0.0573201
0.0534248
0.0511731
0.0498338
0.0463813
0.0440936
0.0432914
0.0408615
0.0394057
0.0375532
0.0361515
0.0356444
0.0339881
0.0316063
0.0308457
0.0293226
0.0285884
0.0270306
0.0257095
0.0247313
0.0233551
0.0213942
0.0186925
0.0159968
0.013531
0.0115064
0.00951536
0.00743519
0.00531218
0.00311358
0.00171774
2.25855e-06
8.20803e-08
1.63504e-08
1.48069e-08
9.8608e-09
8.79341e-09
2.08276e-08
1.87072e-08
8.3154e-09
3.50159e-08
