0.187388
0.119994
0.116325
0.113885
0.111614
0.111042
0.110317
0.109775
0.109216
0.108575
0.108397
0.108021
0.107391
0.106634
0.106537
0.106064
0.104906
0.104372
0.103341
0.103149
0.102268
0.10133
0.101624
0.101122
0.10034
0.100405
0.0995838
0.0983917
0.0976724
0.0966781
0.0957591
0.0945469
0.0933866
0.0923526
0.0906604
0.0891251
0.0877843
0.086367
0.0847955
0.0833854
0.0815729
0.0796046
0.0784309
0.0764405
0.0744917
0.0726551
0.0711387
0.0692727
0.0673508
0.065096
0.0630206
0.0609646
0.0593613
0.0577289
0.0558378
0.0541957
0.0527953
0.0510093
0.0495305
0.048192
0.0468088
0.045402
0.0436882
0.0421892
0.0407949
0.0393709
0.0379885
0.0363979
0.0346562
0.0329726
0.0311363
0.0293358
0.0275739
0.025863
0.0242156
0.0227083
0.0213066
0.0199993
0.0186383
0.0170388
0.0155464
0.0139051
0.0123616
0.0109354
0.00952626
0.00824356
0.00679498
0.00538528
0.00411669
0.00282256
0.00154984
2.00188e-09
7.44065e-11
7.44065e-11
7.44065e-11
7.44065e-11
7.44065e-11
7.44065e-11
7.44065e-11
7.44065e-11
7.44065e-11
