0.189177
0.294053
0.295151
0.29326
0.290839
0.287841
0.284818
0.281705
0.278578
0.275346
0.272102
0.268845
0.265495
0.262105
0.258743
0.255657
0.252323
0.249081
0.245752
0.242562
0.239423
0.236232
0.232742
0.229496
0.226202
0.223177
0.219974
0.216759
0.213469
0.210351
0.20702
0.203942
0.200672
0.197548
0.194164
0.190918
0.187787
0.184688
0.181415
0.178235
0.174995
0.171796
0.16871
0.16533
0.162049
0.158919
0.155725
0.15249
0.149337
0.14596
0.142667
0.139419
0.135827
0.132237
0.129104
0.125691
0.122414
0.119087
0.11564
0.112067
0.108764
0.105381
0.101818
0.0981724
0.0946257
0.0911169
0.0875624
0.0840203
0.0804515
0.0771251
0.0736082
0.0701515
0.0667644
0.0634475
0.0599285
0.0564455
0.0529996
0.0495321
0.0460911
0.0425565
0.0390011
0.0355727
0.0320737
0.0286955
0.0249359
0.0213309
0.0178052
0.0142481
0.0106607
0.00700171
0.00341047
6.24041e-08
3.27278e-10
0
0
0
0
0
0
0
0
