0.189177
0.261609
0.264436
0.26647
0.265889
0.267012
0.266916
0.265326
0.264519
0.263324
0.261983
0.260035
0.25808
0.256276
0.254361
0.251926
0.249868
0.247188
0.244545
0.241973
0.239338
0.236343
0.233639
0.230562
0.22766
0.224495
0.221395
0.21799
0.21468
0.211365
0.207772
0.204299
0.20084
0.197282
0.193916
0.190649
0.186916
0.183438
0.180128
0.176788
0.173491
0.169971
0.166653
0.163076
0.159737
0.156213
0.152624
0.149117
0.145508
0.141981
0.138403
0.135064
0.131561
0.128163
0.124775
0.121384
0.117981
0.114654
0.111287
0.107946
0.104512
0.101176
0.0978896
0.0944796
0.091117
0.087743
0.0843778
0.0810408
0.0776238
0.0741519
0.070725
0.0672181
0.0638337
0.0604616
0.0571015
0.0537445
0.0503897
0.0470584
0.0436759
0.0402843
0.0368791
0.0334685
0.0300706
0.0267072
0.0233521
0.0199628
0.0165853
0.0132172
0.00986689
0.00651966
0.00316515
6.20054e-11
1.24011e-11
1.24011e-11
1.24011e-11
1.24011e-11
1.24011e-11
1.24011e-11
1.24011e-11
1.24011e-11
1.24011e-11
