0.192813
0.240753
0.237873
0.235524
0.233604
0.231784
0.229901
0.227915
0.225959
0.224456
0.222285
0.220143
0.218008
0.215752
0.214548
0.212204
0.209718
0.208205
0.207588
0.204311
0.202344
0.200902
0.198278
0.196329
0.194463
0.192718
0.190156
0.188427
0.18632
0.184954
0.182469
0.180825
0.17846
0.177389
0.175291
0.172499
0.172076
0.169373
0.167209
0.165443
0.163373
0.160922
0.158948
0.156333
0.15436
0.151903
0.147771
0.145779
0.141917
0.138409
0.13463
0.130488
0.126887
0.124274
0.121678
0.119022
0.116575
0.113517
0.111268
0.107985
0.104779
0.102149
0.0992392
0.0958722
0.0927268
0.0896947
0.0861366
0.0833712
0.0803176
0.0776661
0.0746799
0.0715012
0.0690652
0.0659525
0.06317
0.0604426
0.0569695
0.0544575
0.0513919
0.0474386
0.0446224
0.0414908
0.0380909
0.0348079
0.0305098
0.0264523
0.0226198
0.0181728
0.0136671
0.00887923
0.00388903
4.21731e-06
2.72197e-08
2.6135e-09
5.36256e-10
2.45894e-10
4.96044e-11
1.24011e-11
0
8.68076e-11
2.48022e-11
