0.192813
0.229262
0.229501
0.229181
0.229572
0.229292
0.227729
0.227119
0.224993
0.224099
0.223208
0.222431
0.220734
0.219207
0.217388
0.216616
0.214949
0.212868
0.211339
0.210079
0.207495
0.20583
0.203853
0.202293
0.199686
0.198012
0.195773
0.193499
0.190811
0.187837
0.185271
0.182201
0.179686
0.176813
0.173944
0.170929
0.167948
0.164585
0.162043
0.159537
0.156657
0.154405
0.15193
0.148625
0.146016
0.143286
0.140001
0.137065
0.134073
0.130441
0.127344
0.124784
0.121693
0.118892
0.116083
0.113395
0.110347
0.1084
0.105234
0.102286
0.0995614
0.0969625
0.0945422
0.0911824
0.0882981
0.0858717
0.0828832
0.079655
0.0766126
0.0735158
0.0705329
0.0667506
0.0640444
0.0608236
0.057773
0.0548294
0.0520124
0.0491152
0.0458328
0.0427435
0.0394466
0.0363146
0.0328084
0.0299989
0.0268183
0.0236082
0.0205886
0.0174974
0.0143718
0.0114663
0.00874671
9.11585e-09
3.64768e-10
4.88779e-10
4.46439e-10
4.63977e-10
4.63977e-10
4.09236e-10
4.71241e-10
4.07108e-10
4.34038e-10
