33283.6 32953.6 32324 31950.8 33112.4 32829.5 30582.9 32056.4 31406.8 33310.4 31862.7 31673.6 32371.2 32577.2 31311 32298.7 32560.3 30897.1 32655.3 31803.2 33112.7 32546.3 33122.4 32492.5 32881.4 33207.3 31493.3 32311.2 31558.6 32166.5 32939.1 32755.4 33310.5 32369.9 32288.5 32328.6 32333.9 33209.1 32111.7 32693.3 33015.1 32492.1 32222.4 31921.4 32458.9 32721.7 32445.9 32626 31625.5 32582.5 31764.5 
31639.6 31951.8 30915.9 31458.3 32305.5 31757 30582.9 32056.4 31406.8 32484.2 31862.7 30667.2 32371.2 32575.7 31311 31541.3 31904.5 30897.1 31499.4 31776.4 32849.8 32546.3 31854.5 32492.5 32434.8 31931.6 31493.3 32311.2 31558.6 32166.5 31655.8 31929.1 31749.3 31757.9 31378.4 32328.6 32333.9 32654.3 32111.7 32215.3 32285 32492.1 32008.6 31921.4 31289.5 32669 32445.9 32171.3 31625.5 32384.8 31410 
31639.6 31740.3 30915.9 31458.3 31695 31757 30582.9 31934.4 31406.8 32484.2 31590.5 30667.2 31162.4 31538.6 31311 31541.3 31422.2 30897.1 31499.4 31776.4 31727.6 31798 31443 31965.8 32350.4 31931.6 31493.3 31579.5 30451.6 30866.9 31655.8 30156.3 31749.3 31757.9 31378.4 31688.9 31762 32122.5 32111.7 31012.3 30462.4 32126.9 32008.6 31921.4 31154.6 30563.3 31356.2 31644.1 31625.5 31683.1 31346.6 
31639.6 31559.5 30322.2 30707.5 31259 31757 30582.9 31308 31023.9 32000.2 31590.5 30667.2 30919.5 31364.1 31282.8 31541.3 31422.2 30897.1 31158.8 31776.4 31727.6 31798 31443 31965.8 31544.8 31834.6 31385.4 31579.5 30451.6 30866.9 31655.8 30156.3 31749.3 31303.3 31378.4 31516 31590.1 32122.5 31783 31012.3 30462.4 31366.1 31804.8 31467 31154.6 30551.1 31356.2 31644.1 31625.5 31683.1 31346.6 
31639.6 31103.9 30322.2 30707.5 30851.9 31324.9 30582.9 31157.9 31023.9 31054.2 30427.5 30667.2 29967.2 30544.2 30885.1 30317 31422.2 30897.1 30805.2 30666.8 30823.5 30636.5 31443 31373.9 31194.7 30337.7 31385.4 30275.5 30335 30866.9 29089.1 30156.3 30950.2 30846.2 31116.4 31334.7 31433.1 31855.1 31441.4 31012.3 29386.5 31366.1 30854.6 30569.4 31154.6 30479.1 30051 31560.8 31116.7 31316.1 31079 
30795.5 31103.9 30322.2 30629.3 30851.9 30407.2 29882 30728.1 30677.9 31054.2 30408.1 30667.2 29801 30544.2 29820.7 30317 30148.8 30874.6 30805.2 30666.8 30823.5 30208.8 30734.5 29909.4 30412.8 29717.1 30737.3 30275.5 30335 30699.4 29089.1 30156.3 30628.8 30367.9 30154.6 31054.5 30545.8 30720.5 31233.8 29983 29386.5 31203.7 30854.6 30477.8 30709.9 30479.1 30051 29590.3 29846.3 30725 30885.2 
30499.9 30150 30322.2 29134 30851.9 30407.2 29882 29756.8 30087.4 30557.8 30366.8 30643.3 29801 30544.2 29820.7 29850.2 30148.8 30874.6 30805.2 30412.5 30108.2 30208.8 29811.8 29909.4 30412.8 29717.1 30570.2 30223.7 29992.8 30699.4 29089.1 30156.3 30123.8 29863.2 30154.6 30471.2 30199.2 30720.5 28954.4 29983 29386.5 30187 30854.6 30097.7 29074.8 30479.1 30048.5 29590.3 29846.3 29647 29992.7 
29936.5 29381.8 30139.8 29134 29600.7 29941.2 28513.8 29345.2 29347.9 29208.4 29170.4 30154.1 29801 29630.9 29704 28262.2 29730.7 29974.2 29354.1 29581.3 30108.2 29989.6 29811.8 29909.4 28649.3 29149 29025 29489.2 29470.3 29071.4 29089.1 29315.4 30123.8 28800.5 29674.3 30084.7 29546.4 29219.3 28954.4 29431.9 28789.7 29822.8 29314.2 29265.6 28288.4 29292.1 29306.9 29590.3 29525.9 29647 29558.8 
28700.4 28127.3 27721.7 28839.7 28148.1 28290.6 26959.3 27543.3 27930.5 28548.2 28404.4 28709.9 28585.7 28532.2 28481.2 27699.3 27357.6 26552.4 29089.5 28484 29328.7 28394.5 27724.4 28778.5 27630.5 29062.6 27996.6 28310.7 28728 28739.6 28263.3 28593.4 27485.3 27438.6 28354.2 27200.6 28290.2 26735.1 28531.9 28019.8 28631.2 28789.7 27782.4 28604.9 28288.4 28836.9 27952.9 28189.8 29158.9 27822.6 27056.9 
26930.4 26863.1 27552.1 27571.2 27079.5 26767 26635.5 27328.6 26248.5 27770.6 27693.8 27568.6 26377.7 27013.7 26674.5 27345.1 26572.4 25153.7 27243 27866.3 28126 27028.6 27360.7 27226.8 27152.3 27264.5 26778.2 27648.1 27675.4 28142 27720.9 27540.9 26904.2 26676.6 27255.8 27200.6 27250.5 26735.1 26074.7 26542.2 27073.9 26195.1 27031.9 27583.7 27233.9 27602.8 27327.1 27471.4 27264.5 26953.2 26666.2 
26544.4 25532.9 26107.6 26762.9 26026 25977.3 25761.6 26292.8 25518.8 26026.9 26918.2 24645.7 25641.8 25835 24794.6 25399.3 25254.2 24834.4 26540.2 25959.7 26513.3 25417.6 25784 26679.2 26736.5 26556.8 25582.5 26058.8 25673.7 27217.2 26680.7 25440.2 26015.5 26092.5 26061.7 26349.1 26531.3 26413.1 26045.9 26056.6 25270.5 24284.1 26076.6 26464.2 26892.1 25283.8 26114.9 26146.4 26954.1 26424.4 25528.3 
22425.3 20008 22779 22550.4 23662.7 21586 20446.7 22389.9 20807 24704.5 22126.4 22141.5 20339 22080.3 20988 21408.4 20714.8 21589.5 22472.2 21503.3 22171.7 21254.4 21295.7 22448.6 23321.9 21736.3 21314.5 21299.1 21160.2 24014.7 21936.2 21078.4 21103.6 22592.7 22001.2 22105.7 22151.2 22132.3 21327.6 21813.7 22258.4 21521.7 21372.6 21628.2 21484.1 21427.7 21806.1 22016.8 22211.4 22167.2 21049.1 
18310.3 17057 18597.2 17933.6 18937.3 17889.7 17403.4 17881.4 17196.7 19570 18070.5 18535.1 17039.7 19103.5 17695.4 17205.2 17979.7 17913.9 17439.1 18686.8 17885.3 17873.1 17818 17792.6 17611.6 17673.1 17778.7 17722.6 17922.7 18135.7 16927.3 18199 18094.3 17975 18420.3 18135.8 18255.4 18106.8 18863.5 18570.2 18057.7 17595 18933.6 18482 17041.1 17919.8 18664.4 18390.2 17681.5 19316.8 18356.6 
8965.24 10044.5 10606.4 8546.46 9086.22 8022.12 8973.87 10088.1 8253.94 10087.2 9361.6 8983.46 9567.37 9998.4 10215 9592.67 8908.4 10182.5 9808.44 8495.63 9915.04 9535.12 9200.33 10064.4 9584.03 8256.51 10072 9094.71 8082.22 8737.73 9703.39 10459.8 9028.12 10232.3 9543.39 10034.5 9414.1 9684.71 8781.93 8665.81 10173.8 9585.79 10668.9 9075.46 10823.6 9287.94 9516.33 9582 8711.73 8589.17 9438.06 
