193802 236666 257905 247824 278461 256949 184978 211650 233959 272203 281102 269167 297753 225806 228478 209366 213448 226421 214277 227578 249824 244236 182698 246419 251029 237664 200936 247578 238280 244459 222412 222043 206475 187126 281032 247891 221775 254803 250829 217096 238473 234450 217332 195926 235342 235967 225185 222868 191473 237533 253401 
157837 209395 192438 176041 229832 222172 184978 183537 183754 198824 180637 185111 222158 217786 179163 209366 169960 218202 191664 209437 204200 195002 182153 199557 222607 193677 169171 210395 167451 135796 190182 191645 188010 187126 233218 204969 210249 199807 178820 179794 201586 202647 217332 195926 217104 186695 148438 222868 191473 200705 181841 
147861 169845 174181 176041 151555 199398 184978 155482 162953 144595 174522 142579 135059 148067 151630 168516 126425 167817 162216 166253 187655 153895 159175 139499 178577 169567 159191 148423 153473 135796 162332 164390 153145 152911 200524 166309 187974 184166 151845 173518 172785 148748 194232 140917 169026 142150 120921 167313 140906 145935 173102 
69630.1 84029.2 74042.9 97090.6 78482 87544.6 83978.8 78679.3 70106.8 70777.6 82949.8 75950.4 64356.3 82494.7 92182.6 41951.5 83960.2 79536.8 69630.4 87965 76690.2 86136.2 66697.8 81489.3 88651.4 87525.1 60675 74680.6 78897.4 60344.1 77491.6 83936.8 55708.2 78003.9 90471.8 91606.7 87661.9 85462.4 75966.7 71485.4 74051.1 72813.3 68294.2 74990.4 84107.1 86273.1 63646.7 71119.8 55975 72638.5 72862.9 
3915.12 4648.81 3667.67 5311.18 5071.33 5528.73 3671.99 3592.58 4497.54 3249.89 3916.94 3574.01 2523 4057.71 4353.54 3294.58 3518.28 4281.88 4530.37 4486.26 3479.03 3884.89 3214.41 3518.53 3636.23 3725.81 2992.21 3640.87 4346.5 4097.57 4103.42 3704.33 3728.73 3281.85 4115.68 4199.52 3440.34 3572.18 4397.71 3517.99 3896.39 4030.95 4971.37 4740.74 4243.63 3511.11 3798.26 3632.21 3373.2 3161.69 4345.04 
2.03319 2.05627 2.75265 3.74226 2.53217 2.82022 2.78007 2.12176 2.06892 2.6906 1.95598 1.59964 2.04182 2.51681 2.52808 1.46391 1.90473 3.4561 3.07476 2.70388 1.96149 1.64517 1.43105 1.71701 1.66192 2.08845 2.57244 1.38768 2.12177 2.2042 1.98553 1.7919 1.8155 2.70934 1.80108 1.58363 1.81956 1.70538 2.45552 1.67374 2.5495 1.87594 1.76888 2.56937 2.59115 2.39506 2.00556 2.24026 2.05399 2.09478 2.72113 
0.000500082 0.000575934 0.000957076 0.000930076 0.000414424 0.000844118 0.000510145 0.00048939 0.000523484 0.000412995 0.000637504 0.000361464 0.000584978 0.000510596 0.000491696 0.000246296 0.000240131 0.000415082 0.000723997 0.000673874 0.000431866 0.000480343 0.000382312 0.000379025 0.000545026 0.000366176 0.000457973 0.000258737 0.000532362 0.000563416 0.000412516 0.000405165 0.000824835 0.00034989 0.000520234 0.000362624 0.000308392 0.000433307 0.000580541 0.00044795 0.000558936 0.000220857 0.000550539 0.000403821 0.000481173 0.000424908 0.000524192 0.000550368 0.000657025 0.000560443 0.000677567 
5.15927e-08 6.86044e-08 7.23605e-08 1.62274e-07 5.64524e-08 7.69734e-08 9.90396e-08 3.72402e-08 6.74955e-08 5.61092e-08 6.17688e-08 3.31555e-08 3.46936e-08 5.19879e-08 7.35896e-08 4.66194e-08 1.61572e-08 2.96145e-08 6.64521e-08 8.51268e-08 7.34646e-08 6.06399e-08 6.56109e-08 7.62593e-08 6.16644e-08 6.87045e-08 4.70152e-08 2.21783e-08 4.87715e-08 8.66287e-08 5.80642e-08 5.19702e-08 1.2246e-07 2.70467e-08 8.28646e-08 8.56946e-08 4.18023e-08 4.83511e-08 4.93102e-08 5.71576e-08 4.42718e-08 5.66831e-08 7.05394e-08 4.32102e-08 5.91041e-08 7.88633e-08 4.38725e-08 1.12112e-07 4.82767e-08 1.05989e-07 4.50322e-08 
0 0 0 0 0 0 0 0 0 0 0 0 0 0 0 0 0 0 0 0 0 0 0 0 0 0 0 0 0 0 0 0 0 0 0 0 0 0 0 0 0 0 0 0 0 0 0 0 0 0 0 
0 0 0 0 0 0 0 0 0 0 0 0 0 0 0 0 0 0 0 0 0 0 0 0 0 0 0 0 0 0 0 0 0 0 0 0 0 0 0 0 0 0 0 0 0 0 0 0 0 0 0 
0 0 0 0 0 0 0 0 0 0 0 0 0 0 0 0 0 0 0 0 0 0 0 0 0 0 0 0 0 0 0 0 0 0 0 0 0 0 0 0 0 0 0 0 0 0 0 0 0 0 0 
0 0 0 0 0 0 0 0 0 0 0 0 0 0 0 0 0 0 0 0 0 0 0 0 0 0 0 0 0 0 0 0 0 0 0 0 0 0 0 0 0 0 0 0 0 0 0 0 0 0 0 
0 0 0 0 0 0 0 0 0 0 0 0 0 0 0 0 0 0 0 0 0 0 0 0 0 0 0 0 0 0 0 0 0 0 0 0 0 0 0 0 0 0 0 0 0 0 0 0 0 0 0 
0 0 0 0 0 0 0 0 0 0 0 0 0 0 0 0 0 0 0 0 0 0 0 0 0 0 0 0 0 0 0 0 0 0 0 0 0 0 0 0 0 0 0 0 0 0 0 0 0 0 0 
