300.472 298.323 295.02 286.685 312.819 324.168 271.216 288.27 263.822 281.312 306.42 321.559 318.626 303.522 305.152 304.857 299.647 318.489 315.225 302.968 313.046 279.187 321.355 313.883 299.521 344.37 285.313 309.708 313.484 296.405 308.029 314.647 324.543 331.447 305.265 318.172 325.664 322.434 286.087 321.283 333.045 310.866 289.981 270.852 294.805 322.104 318.251 307.57 307.852 283.135 332.611 
264.007 258.336 239.953 247.873 274.475 243.001 235.225 258.452 238.381 214.081 256.234 248.292 259.316 249.933 253.82 277.837 233.642 244.579 259.86 238.275 240.415 257.886 245.045 271.731 262.564 267.283 266.106 238.423 253.537 250.862 248.468 267.04 230.809 232.19 252.561 243.233 262.379 266.084 255.775 262.244 262.282 257.944 225.333 226.015 250.024 238.098 254.885 255.11 262.279 244.497 249.553 
245.577 213.796 222.951 197.288 232.508 191.269 232.976 219.57 204.954 214.081 236.799 203.334 213.515 229.862 229.159 248.003 233.642 224.473 216.844 198.503 203.712 198.141 245.045 223.395 234.839 217.415 216.887 209.37 226.265 229.004 205.604 228.646 230.809 232.19 241.219 235.105 211.417 226.91 245.943 211.156 207.163 204.91 218.672 226.015 231.673 232.012 233.441 244.14 242.821 223.76 198.135 
221.311 209.181 212.281 191.186 179.241 191.269 204.657 218.337 193.511 214.081 211.46 202.464 192.078 206.383 214.076 203.437 215.537 203.043 166.134 198.503 200.297 198.141 206.626 198.841 213.098 210.916 212.064 204.045 185.025 177.368 205.604 196.88 223.869 214.445 203.357 190.438 211.417 181.69 210.045 208.697 207.163 204.91 204.719 216.115 218.521 193.558 185.127 208.122 223.433 210.216 198.135 
179.254 187.778 184.225 174.765 179.241 161.445 145.447 191.184 177.329 189.972 179.259 184.896 177.006 176.591 168.348 160.095 185.071 194.307 166.134 177.895 180.659 183.378 176.485 168.222 183.1 181.767 186.159 189.124 180.038 162.935 182.657 169.79 183.426 149.89 176.001 190.438 180.298 171.548 187.986 180.417 184.346 178.476 195.915 176.681 172.94 159.449 171.33 187.026 185.743 190.308 186.533 
153.58 149.504 161.214 138.876 146.213 145.323 134.959 149.288 155.336 148.917 149.902 146.03 142.263 151.526 167.544 142.743 147.824 160.453 152.208 116.365 151.787 156.96 160.372 145.943 144.123 162.595 141.808 153.821 152.654 152.681 141.499 152.711 153.83 138.253 154.82 145.331 165.619 132.864 160.323 141.857 145.07 147.139 152.509 149.113 126.743 159.449 159.571 158.528 154.838 146.224 153.059 
129.609 121.319 131.831 137.033 136.337 136.16 112.485 137.187 120.664 119.37 135.446 135.043 108.081 132.663 125.922 129.309 133.792 135.998 120.355 116.365 115.146 125.528 138.343 113.109 124.078 135.821 101.302 105.377 130.884 120.48 129.528 122.764 121.19 126.094 131.964 131.223 124.939 131.234 141.134 104.258 128.271 124.578 135.271 136.669 126.743 127.613 127.301 142.933 132.857 107.324 124.061 
118.615 112.526 99.3185 105.314 112.125 104.664 83.3952 116.654 103.035 104.998 102.248 105.841 93.647 105.848 89.9728 108.099 104.331 101.09 104.747 87.4109 105.166 100.233 100.471 113.109 108.698 111.698 99.655 102.804 99.1428 105.289 102.464 101.244 106.829 95.3028 101.487 116.375 111.779 103.012 105.579 102.574 82.8041 100.803 112.226 102.968 103.01 99.307 102.929 104.2 108.127 102.322 78.1931 
84.0749 77.5599 88.6918 93.332 92.5979 74.2088 80.9153 83.6476 86.8393 88.6108 88.1804 85.5263 78.046 98.767 86.9726 85.8008 90.4719 80.188 94.4603 75.5958 94.2688 85.5075 82.7182 84.6823 70.0281 91.969 82.6517 79.7082 87.5065 77.3264 77.1442 80.8016 82.9076 83.8192 70.4275 88.6745 72.0079 86.7527 93.8284 87.9725 77.6808 86.1026 76.511 86.2864 79.4305 74.6753 87.569 98.2655 91.1168 72.2025 78.1931 
55.6555 49.6648 39.9536 53.0975 44.9956 46.4527 47.6473 56.3595 55.4215 47.1915 51.3402 37.4293 52.3296 54.2332 49.2206 41.6984 44.4217 33.7147 47.6038 48.1327 44.1541 52.3085 47.2436 48.1049 42.9344 51.3037 39.9707 53.7989 45.9514 44.0452 42.6622 38.9895 46.0338 43.898 40.5998 47.6345 38.5307 51.4293 58.0092 48.0872 47.6508 52.185 49.8949 54.2526 40.7982 40.5414 46.443 50.4912 45.3802 59.8271 46.1734 
25.4313 21.3103 24.8543 26.1037 26.3641 18.1785 21.5535 27.6012 27.3095 23.4532 23.4171 21.2855 19.6046 26.5645 23.2085 21.9833 23.8011 21.053 23.5806 19.2796 20.3909 24.7477 25.8524 24.0568 21.5048 23.3474 22.4816 20.8272 19.524 23.4116 20.4663 22.135 20.1889 14.9844 22.672 22.4949 23.4147 22.0145 27.4102 23.7857 25.1802 28.2729 26.3118 22.4343 23.3874 19.9718 20.2128 25.5849 24.4526 24.9264 23.2848 
8.42613 3.1029 1.28272 6.22944 2.79523 0.730416 7.7813 1.82685 1.07556 5.74633 2.17256 5.02161 2.47338 1.15833 1.1551 0.327584 2.70569 2.15134 1.21889 0.890462 5.70341 3.09717 0.715862 1.3859 3.4187 0.714865 0.587998 5.71426 1.76124 1.04941 2.8672 0.840165 1.93836 2.24968 1.13096 3.75938 0.579858 0.526345 4.26873 1.37298 6.23925 6.10234 1.02023 0.80017 1.55686 0.341514 0.770465 1.32554 1.21008 0.861527 5.90107 
0 0 0 0 0 0 0 0 0 6.00714e-08 0 0 0 0 0 0 0 0 0 0 0 0 0 0 0 0 0 0 0 0 0 0 0 0 0 0 0 0 0 0 0 0 0 0 0 0 0 0 0 0 0 
0 0 0 0 0 0 0 0 0 0 0 0 0 0 0 0 0 0 0 0 0 0 0 0 0 0 0 0 0 0 0 0 0 0 0 0 0 0 0 0 0 0 0 0 0 0 0 0 0 0 0 
