8.36791e+10 8.74764e+10 9.14312e+10 8.73532e+10 7.47024e+10 8.42556e+10 5.49596e+10 1.00776e+11 8.96126e+10 9.81852e+10 9.67224e+10 7.15708e+10 8.48578e+10 9.14033e+10 8.74042e+10 8.28974e+10 8.7541e+10 8.03344e+10 9.57587e+10 7.04714e+10 7.96731e+10 8.38466e+10 9.24886e+10 7.87096e+10 7.72119e+10 7.91957e+10 8.28404e+10 8.13645e+10 8.49207e+10 7.7292e+10 9.37558e+10 7.01978e+10 7.27446e+10 8.4671e+10 9.24321e+10 7.82401e+10 7.62963e+10 7.06086e+10 7.9101e+10 8.70493e+10 8.92866e+10 6.62092e+10 7.51194e+10 7.49897e+10 7.04206e+10 8.09586e+10 9.13914e+10 7.26082e+10 7.72336e+10 7.83528e+10 8.86113e+10 
2.8272e+10 2.47678e+10 3.01345e+10 3.22284e+10 3.16459e+10 2.94629e+10 3.57264e+10 3.04311e+10 3.27839e+10 3.27274e+10 2.87317e+10 2.83187e+10 3.25173e+10 3.3048e+10 3.0269e+10 3.37419e+10 2.94405e+10 2.91305e+10 2.64733e+10 2.83255e+10 3.36853e+10 3.12683e+10 3.28351e+10 2.67029e+10 3.17662e+10 3.24137e+10 3.29642e+10 3.77201e+10 2.40466e+10 3.02105e+10 3.14274e+10 3.09936e+10 3.05379e+10 2.9582e+10 3.4643e+10 3.14651e+10 3.21458e+10 3.55747e+10 3.25285e+10 3.63574e+10 3.36837e+10 3.40605e+10 3.02029e+10 2.59201e+10 3.04997e+10 3.1635e+10 3.48508e+10 2.69123e+10 3.09474e+10 3.03079e+10 3.33842e+10 
1.16857e+10 1.59506e+10 1.49429e+10 1.4667e+10 1.53221e+10 1.51337e+10 1.1556e+10 1.43502e+10 1.43168e+10 1.53606e+10 1.17776e+10 1.54189e+10 1.47033e+10 1.42917e+10 1.08064e+10 1.19357e+10 1.60496e+10 1.44574e+10 1.36226e+10 1.40334e+10 1.16605e+10 1.22765e+10 1.5874e+10 1.42384e+10 1.47308e+10 1.19548e+10 1.39331e+10 1.57739e+10 1.60158e+10 1.22494e+10 1.36656e+10 1.46292e+10 1.35716e+10 1.31518e+10 1.32913e+10 1.13457e+10 1.23335e+10 1.6553e+10 1.57379e+10 1.67622e+10 1.28365e+10 1.14212e+10 1.54201e+10 1.46053e+10 1.5336e+10 1.51652e+10 1.16505e+10 1.38657e+10 1.37104e+10 1.10729e+10 1.55726e+10 
2.48562e+09 2.70106e+09 2.70677e+09 3.01552e+09 3.11945e+09 3.10308e+09 3.0332e+09 3.22042e+09 3.36393e+09 3.00234e+09 2.76073e+09 3.15908e+09 3.20949e+09 2.69012e+09 3.30801e+09 2.87385e+09 3.07793e+09 3.28154e+09 2.64968e+09 2.83476e+09 2.51348e+09 3.18149e+09 2.70381e+09 3.12491e+09 3.28077e+09 2.66895e+09 2.68358e+09 3.35176e+09 2.66749e+09 2.98893e+09 2.48211e+09 2.94506e+09 2.75782e+09 2.96261e+09 3.18723e+09 2.52489e+09 2.68181e+09 2.71568e+09 2.67766e+09 2.90885e+09 3.36194e+09 3.00813e+09 3.28852e+09 2.93059e+09 2.4881e+09 3.32587e+09 3.35262e+09 2.87256e+09 3.38456e+09 2.75111e+09 3.0756e+09 
2.32286e+07 2.44473e+07 3.25862e+07 2.94485e+07 2.88964e+07 3.01787e+07 3.8556e+07 2.85061e+07 2.75684e+07 2.90657e+07 2.69287e+07 3.11702e+07 3.48825e+07 3.00194e+07 3.59119e+07 2.94255e+07 4.30407e+07 3.1291e+07 2.85345e+07 3.34531e+07 3.12334e+07 3.4682e+07 3.69491e+07 3.96716e+07 3.3888e+07 3.93337e+07 3.00278e+07 2.49983e+07 2.25847e+07 2.90139e+07 3.50537e+07 2.91116e+07 3.1235e+07 2.87029e+07 2.69303e+07 2.563e+07 2.67205e+07 2.7715e+07 3.14691e+07 4.12102e+07 3.51519e+07 2.87547e+07 2.97737e+07 3.10334e+07 3.70774e+07 3.22587e+07 3.32214e+07 2.74529e+07 3.02794e+07 2.50049e+07 3.2614e+07 
5576.47 3982.46 3329.23 4600.77 6605.68 6190.13 7730.25 6252.52 3628.28 4924.2 5508 7480.29 5390.97 4407.11 2695.71 7945.9 4103.89 8515.24 5779.91 4148.46 6538.94 4770.03 4728.23 5190.68 3080.51 9446.31 7797.21 3837.75 5935.61 6702.35 4960.76 8110.2 3975.21 7430.31 4035.4 3531.46 2188.11 6847.83 2021.36 4779.45 3225.01 7346.71 4650.65 4428.91 2668.9 4807.23 3179.31 2095.34 2789.17 5571.58 5713.94 
4368.3 2791.7 2165.15 3526.79 5305.34 3317.5 4291.12 4754.03 2280.06 3805.53 4357.19 5753.53 3753.42 3265.17 1124 6236.6 2463.62 6379.88 4584.11 3152.2 5303.42 3091.06 3457.2 3883.17 1750.74 7636.24 6148.15 2730.78 5151.65 4506.77 2861.94 6460.86 2089.9 6227.53 2398.19 2230.37 1247.47 5269.18 907.966 3350.27 1154.41 4990.05 3438.31 3018.3 1454.2 3682.51 2168.14 474.98 1391.94 4000.14 3973.86 
8.85792 4.66558 5.45901 6.60756 9.27947 4.85986 5.11146 14.5366 2.66728 8.56919 13.661 13.04 5.52143 5.13574 5.69803 10.5712 22.8268 6.83748 6.60695 7.28687 24.9381 8.19902 25.4769 8.98378 4.17707 21.2222 9.75346 32.1906 12.2385 2.73049 5.77234 7.36027 5.54675 11.2355 12.3251 3.0868 3.25077 14.8684 4.95203 9.2084 4.67333 4.5819 10.6285 11.6238 2.25274 18.6862 3.44501 1.87367 3.77676 2.91257 7.18645 
0.00106126 0.000510959 0.000793779 0.000523936 0.000902545 0.000347554 0.000345172 0.000544982 0.000216459 0.000488888 0.00225324 0.0014126 0.00060453 9.84513e-05 0.000229862 0.000527783 0.00171077 0.000499004 0.000933743 0.000860168 0.00161209 0.000798627 0.00145125 0.000510373 0.000277292 0.00211346 0.000690853 0.00269585 0.000976698 0.000260719 0.000254741 0.000571415 0.000444945 0.000314545 0.000733861 0.00028217 0.000167064 0.000985205 0.000621392 0.000570547 0.000376804 0.000321033 0.00055687 0.00061275 6.87503e-05 0.00121843 0.000168448 8.10383e-05 0.00044082 0.000135573 0.00102088 
3.55549e-08 1.71349e-08 2.3277e-08 0 1.97638e-08 1.0731e-08 1.2503e-08 2.16478e-08 0 1.31159e-08 4.77584e-08 1.77175e-08 1.94423e-08 0 0 1.78009e-08 8.34108e-08 0 2.89782e-08 1.8957e-08 1.71221e-07 3.69457e-08 5.08839e-08 1.06967e-08 0 4.21095e-08 1.68412e-08 1.00622e-07 1.90045e-08 0 0 1.68647e-08 1.53807e-08 0 2.28439e-08 3.45289e-08 0 3.02664e-08 1.55522e-08 1.47819e-08 1.06775e-08 1.88205e-08 1.21826e-08 1.19636e-08 0 0 0 0 2.04982e-08 0 2.08331e-08 
0 0 0 0 0 0 0 0 0 0 0 0 0 0 0 0 0 0 0 0 0 0 0 0 0 0 0 0 0 0 0 0 0 0 0 0 0 0 0 0 0 0 0 0 0 0 0 0 0 0 0 
0 0 0 0 0 0 0 0 0 0 0 0 0 0 0 0 0 0 0 0 0 0 0 0 0 0 0 0 0 0 0 0 0 0 0 0 0 0 0 0 0 0 0 0 0 0 0 0 0 0 0 
0 0 0 0 0 0 0 0 0 0 0 0 0 0 0 0 0 0 0 0 0 0 0 0 0 0 0 0 0 0 0 0 0 0 0 0 0 0 0 0 0 0 0 0 0 0 0 0 0 0 0 
0 0 0 0 0 0 0 0 0 0 0 0 0 0 0 0 0 0 0 0 0 0 0 0 0 0 0 0 0 0 0 0 0 0 0 0 0 0 0 0 0 0 0 0 0 0 0 0 0 0 0 
