23.4979 23.4093 23.3267 23.4455 23.0369 23.6094 23.1086 23.3282 23.0873 23.1068 23.1059 23.3675 23.5296 23.4255 23.359 23.2379 23.0209 23.4215 23.1579 22.7263 23.4657 23.6469 22.8369 23.4795 22.6867 23.3597 23.4291 23.4994 23.3955 23.3942 23.4761 23.5812 23.4352 23.3181 23.3441 23.1891 23.3454 23.6069 23.1851 23.2908 23.4606 23.5877 23.4848 22.8289 23.3474 23.2268 23.4433 23.1698 23.3342 23.0078 23.5285 
22.9845 22.6151 23.2571 23.4194 23.0369 23.3503 23.1086 22.855 23.0873 23.1068 22.613 23.3167 23.3682 23.4255 23.2395 23.1339 23.0209 23.0893 22.6024 22.7263 23.4657 23.1254 22.8369 23.1846 22.6867 23.0977 23.1977 23.2151 23.1459 23.2747 22.9434 23.2592 23.3486 22.6862 23.3441 23.1891 23.3454 23.1563 23.1851 23.2908 23.4606 22.8193 23.2364 22.8289 23.3436 23.1503 22.9278 23.1698 23.3342 23.0078 23.4071 
22.9845 22.6151 22.6235 22.953 23.0369 23.0253 23.1086 22.855 23.0873 23.1068 22.613 23.3167 23.3682 22.9612 22.7827 23.1339 22.9722 22.7816 22.6024 22.7263 23.4657 23.1254 22.8369 23.1779 22.6867 23.0977 23.1977 23.1738 22.9978 23.1301 22.9434 23.2592 22.8997 22.6862 23.1218 23.0112 23.2417 23.0564 23.1851 23.2644 23.2506 22.7763 23.2364 22.8289 23.3436 23.1503 22.7726 22.7995 22.999 22.9992 23.1689 
22.8518 22.6151 22.6235 22.953 23.0039 23.0253 23.1086 22.855 23.0873 23.1068 22.613 23.0195 22.8155 22.8615 22.7827 23.1339 22.9722 22.7451 22.6024 22.7263 23.3002 22.9022 22.7846 23.1779 22.6867 22.8375 23.0374 22.7124 22.9978 22.9472 22.9434 22.8418 22.8997 22.6862 23.0518 23.0112 23.0114 22.8428 22.6319 23.1647 22.9925 22.7763 22.7028 22.8289 22.6768 22.7475 22.7726 22.7995 22.999 22.9992 23.1689 
22.8518 22.6151 22.6235 22.953 22.8278 23.0253 22.9193 22.855 23.0131 22.6943 22.613 23.0195 22.8155 22.7948 22.7827 22.6693 22.9722 22.7451 22.6024 22.7263 22.9178 22.8089 22.7846 22.5793 22.4577 22.8047 22.8055 22.7124 22.9978 22.7563 22.6078 22.8418 22.8997 22.6862 22.982 23.0112 22.7594 22.8428 22.6319 22.8076 22.6196 22.6821 22.7028 22.4594 22.6768 22.7475 22.4962 22.6352 22.8168 22.299 22.8658 
22.3024 22.3829 22.6235 22.5974 22.4429 22.3668 22.5343 22.5725 22.4734 22.6943 22.613 22.3487 22.5816 22.6147 22.2391 22.3352 22.5659 22.6672 22.6024 22.3517 22.5628 22.5446 22.473 22.5687 22.4577 22.7927 22.8055 22.6934 22.4324 22.7563 22.4242 22.6234 22.6834 22.6862 22.2557 22.5299 22.7594 22.8428 22.6319 22.6209 22.4336 22.4832 22.3977 22.4594 22.6157 22.3304 22.4962 22.6352 22.6328 22.299 22.6039 
22.3024 22.3829 22.6235 22.3095 22.0643 22.2777 22.5343 22.2285 22.4597 22.5391 22.613 22.3487 22.162 22.4274 22.2391 22.1028 22.549 22.4364 22.4582 22.2273 22.4599 22.0268 22.473 22.4984 22.3633 22.2363 21.9702 22.4919 22.2723 22.3334 21.7651 21.6857 22.5295 22.4781 22.2557 22.0851 22.128 22.6618 22.6319 22.0665 22.4336 22.2096 22.1312 22.4594 22.4297 22.3177 22.3965 22.564 22.3054 22.299 22.0742 
22.0279 22.3336 22.6235 21.3494 21.9258 21.3755 22.3662 22.2285 22.2199 22.174 21.8702 22.3487 22.1557 22.3933 21.9119 21.8662 22.4172 22.402 22.2592 22.2273 21.7355 22.0268 22.2695 21.5231 21.7274 22.184 21.9702 21.9757 22.1799 22.26 21.7651 21.6857 22.4441 22.3078 22.2557 22.0851 22.128 22.1936 22.3869 22.0665 22.2692 21.9805 22.1312 22.4594 21.8002 21.9472 21.8518 22.4424 22.2568 22.299 21.7556 
21.5793 22.0715 22.1803 21.3494 21.9258 21.3755 21.7046 22.0619 21.9663 21.8491 21.8702 22.0174 21.9581 21.6848 21.7659 21.8662 22.2643 22.0054 21.3773 22.1766 21.5631 21.894 21.6228 21.5231 21.6704 21.6441 21.9702 21.7216 21.4354 22.0343 21.7651 21.4095 21.6226 21.7424 21.3862 21.9801 22.128 22.1693 22.0373 21.1941 21.6224 21.9361 21.0306 22.0545 21.3271 21.7636 21.8048 22.0906 21.8983 21.829 21.7556 
21.379 21.4465 21.1863 21.2551 21.8309 20.9213 21.1354 21.9004 21.414 21.39 21.6672 21.8709 21.7942 21.2497 21.7151 21.2456 21.8231 21.5665 21.3773 21.2177 21.3865 21.2013 21.1167 21.5231 21.3376 21.2029 21.8242 20.9247 21.4354 21.526 21.3006 21.1366 21.6226 21.6051 21.3862 21.4127 21.3365 22.0059 21.6224 21.1941 21.6224 21.6327 20.9387 21.0267 21.3271 21.7098 21.5994 21.0416 21.6649 20.785 21.5606 
20.9322 20.841 19.8135 21.2551 21.1102 20.9213 20.8331 21.598 20.3373 20.5469 21.2049 21.0666 21.295 21.0136 21.2949 21.134 20.2298 21.4924 20.5718 20.8763 21.0678 20.7807 20.9068 20.7903 21.1398 20.2759 20.3356 20.3965 20.9153 21.194 20.7348 21.0724 21.2328 21.1523 20.8627 20.9992 20.7472 20.5855 21.4742 20.9119 21.0255 20.8139 20.6662 20.9335 21.2238 21.2301 21.361 20.7171 21.0624 19.6166 21.1812 
20.4775 20.6206 18.9976 20.5618 19.944 20.4882 20.7439 20.7472 19.3899 20.4047 20.9132 20.8982 20.5283 18.448 21.1054 19.3704 19.3514 19.7426 18.4867 20.693 19.3412 20.6663 19.089 20.7903 20.1087 20.2349 18.2612 20.3965 19.5961 19.4669 20.4346 20.5174 18.6865 19.7327 19.3333 18.9461 19.2834 20.4782 20.939 20.5925 20.1263 20.7572 20.2019 20.797 20.3645 20.4557 19.3297 20.6594 20.9725 18.9519 20.1584 
18.3825 18.7755 18.4516 18.1034 18.4164 18.3417 20.5022 20.4813 18.5623 18.2969 18.933 19.2894 18.9767 17.654 19.6646 17.6961 18.1533 18.1675 17.3567 18.459 18.3711 19.4588 17.7445 20.506 18.3714 18.4501 17.8037 20.1903 18.5088 17.5465 19.9955 18.8044 17.3501 18.1565 18.6237 17.7199 17.6628 20.4447 18.472 18.5983 19.5586 18.7478 19.0955 19.425 17.4747 18.8269 17.8702 19.1398 19.2843 17.9809 18.533 
16.0563 16.8116 16.3091 15.5838 16.2641 16.7249 18.8778 17.4105 16.9226 15.9111 15.9517 17.4414 15.3498 16.4526 15.8122 15.1382 16.9539 16.2324 15.6329 15.9536 14.6713 15.9795 15.3227 16.9889 16.3545 15.5714 16.3142 17.9227 16.7137 14.9734 18.942 15.7156 16.0123 15.338 16.4904 15.3872 15.8899 17.8681 16.4782 16.3752 18.3151 16.5801 16.2939 16.4801 15.535 16.5796 15.8622 16.2577 16.864 16.176 16.3036 
