310709 245821 486530 790319 365157 236746 208523 263519 245271 291472 190004 446986 999138 99829.8 313668 380950 549573 151341 467923 381594 213954 77191.5 248577 162087 253143 460353 405063 347029 364096 378526 95359.7 218828 185195 342020 127655 294077 474721 269266 106326 549658 226215 565478 111693 335180 159063 603782 356988 542671 831282 374848 167145 
129354 161909 77838.3 85219.5 178754 206112 164873 165161 92226.5 55991.9 105722 155952 103524 99829.8 121285 94930.6 164018 151341 124013 93561.3 213954 77191.5 111289 162087 149058 165901 102064 129657 199678 169914 95359.7 168590 185195 123849 64275.5 123595 113090 187279 78715.2 110716 150691 141289 89659.7 123571 68628.4 35915.5 275198 189555 108845 54843.7 104211 
61143.1 62190.4 38691.3 35846.5 69069.4 58995.9 48412.8 78156.4 92226.5 55991.9 21290 101430 57781 66313.6 50758.1 54058.9 79227.8 80836.7 55830 63313.3 100230 47371.8 63917.8 81564 57381.2 31360.1 102064 81582.4 75439.4 60689.2 48937.4 99263.8 61822.2 48767 64275.5 50515 62844.9 56268.2 59138.2 75216.1 72320.3 76857.2 56330.7 81823.4 62363.3 35915.5 108352 97015.6 68954.9 54843.7 74175.4 
14352.1 14704 13643.4 11787 24834.7 32184.5 16386.7 35064.7 29115.5 10957.8 16468.7 28250.4 32605.7 25297.5 17964.7 26041.8 28039.7 24960 28114.7 24455.1 28951.6 25659.1 36611.3 13784.9 24888.1 16203.3 27301.7 23742.4 25411.4 21217.6 27219.8 25970.4 29766.7 22438.9 20045.9 16298.9 21721.5 22904.7 28441.6 30845.4 22168.1 19881.4 17340.6 28028.9 18407.4 25745.7 27278 31792.1 17021.8 16589.5 25503.3 
811.589 787.072 689.817 723.068 549.272 963.41 881.196 857.117 790.736 747.267 714.743 646.344 1124.61 682.868 702.325 757.056 647.323 858.043 705.853 803.289 737.474 633.841 855.066 722.02 612.99 586.506 739.276 856.452 695.237 959.046 680.994 690.253 746.656 717.2 888.039 898.651 544.311 611.624 546.667 565.45 738.633 843.323 806.324 620.83 824.237 740.311 913.568 932.507 928.35 743.757 819.263 
116.421 118.836 112.672 129.66 123.622 112.854 107.884 117.533 118.972 105.059 123.313 136.043 110.218 113.203 122.979 123.19 108.836 116.408 131.924 134.075 124.607 107.871 133.763 119.828 125.04 122.524 91.5006 140.826 104.922 123.48 105.555 125.491 105.665 108.39 138.934 118.299 99.1109 109.833 112.799 114.175 124.315 117.306 101.081 131.435 134.558 117.457 94.4224 118.777 106.051 125.514 132.566 
89.1508 85.1045 84.0484 92.1278 87.1017 90.6891 92.9226 81.6122 87.638 93.5717 87.8206 112.403 82.6215 84.5718 81.2167 101.479 83.3927 72.8302 95.0031 95.1512 95.5874 75.548 87.207 81.9564 87.7086 80.8255 87.1112 77.3092 68.5974 91.6543 83.6364 85.2888 73.4942 86.9515 107.404 95.2973 92.3035 95.1574 72.5453 95.3352 101.805 87.6352 81.3168 82.237 105.913 91.9732 88.8499 94.7171 71.6177 78.81 97.1694 
70.8773 73.65 76.1311 64.7435 69.2632 71.8248 63.9434 70.5931 68.069 58.9254 65.0304 81.7293 66.7747 61.2001 64.3449 70.0523 62.0253 55.6028 77.2773 55.781 69.0775 58.3436 65.2783 57.7432 72.0847 66.7079 63.2103 66.1668 68.0399 74.3971 68.0164 71.4828 57.2703 67.8017 82.115 69.2187 68.774 51.7841 64.7925 67.7509 81.73 69.6132 52.7062 78.0942 85.005 72.8684 65.1157 57.9922 58.3604 66.5086 66.0976 
59.1947 61.1529 49.7583 46.2149 45.7758 47.8811 44.5653 58.2315 40.0991 51.8177 50.9373 54.898 51.2256 48.1611 43.0203 65.0157 46.8161 47.564 62.9232 55.781 59.6743 45.8425 56.2447 49.1608 61.1649 47.2626 47.8716 57.4315 50.2154 53.0667 41.7142 48.0427 40.5595 52.339 65.4439 47.611 63.8689 44.1163 40.3026 56.2628 67.5943 53.7562 47.7058 56.7132 59.9434 61.3449 46.4414 38.4478 43.4596 54.7366 59.843 
53.7292 50.0381 45.0292 20.2073 31.8058 42.4754 39.8658 43.3159 36.8975 47.8495 37.3847 48.5665 43.9743 36.5858 35.4888 57.9025 38.6253 36.1049 50.9572 48.2638 47.9246 42.7049 42.359 40.6333 51.0145 43.5727 43.3386 47.2187 38.543 46.7151 38.7243 41.9462 34.0643 42.1339 49.0633 42.3655 41.3078 40.0239 39.701 43.3105 55.8495 45.9116 40.9748 45.747 49.5916 40.9338 41.9116 36.2008 42.2572 43.6569 43.608 
44.6282 40.8054 13.5104 14.1451 28.3949 30.8763 31.3634 31.1806 24.6039 37.0168 32.71 44.0492 38.826 35.8399 31.989 41.2448 28.9804 33.4909 44.4597 37.9441 43.0536 34.0428 40.0711 34.3518 42.1746 40.0171 32.7989 40.1388 32.2858 36.273 34.0312 38.8537 33.5917 34.8409 42.9903 27.3459 37.164 31.701 27.1973 36.8258 39.3218 36.5264 33.8936 35.9385 40.906 33.4379 34.6159 33.7604 32.1201 38.1503 43.5913 
37.4554 37.1144 8.37692 12.5068 10.3913 13.7561 12.4168 24.9903 9.35255 11.5979 9.59538 15.0347 29.6429 12.5007 8.47156 18.4524 7.25858 19.2137 41.3196 8.99584 40.3764 25.4662 31.0185 24.3404 21.5851 35.5589 17.1636 22.4134 9.00404 11.9589 30.0909 10.8173 9.08374 8.37133 12.1751 9.21085 13.8344 20.441 11.2043 23.2786 14.1992 26.6672 26.4549 14.9106 31.1508 11.5128 13.9367 12.1946 11.8119 24.19 36.117 
8.25179 13.8408 8.19441 12.3539 7.74548 12.8048 11.9408 9.60784 8.40085 10.974 9.35099 9.57454 6.31452 11.0213 8.14708 7.87945 6.93658 8.2054 21.3294 8.14534 10.7632 8.30457 9.79855 11.181 9.10804 8.41778 5.99834 13.0787 7.88798 11.356 6.84529 8.18181 8.21171 7.93918 9.75016 8.84542 9.64733 3.43222 10.2322 10.4573 11.5796 5.37175 10.0568 12.0282 15.0111 10.269 13.6073 11.0526 10.046 11.0608 13.4566 
7.79279 13.5944 8.07542 12.1394 7.24794 12.5625 11.6885 9.01196 8.25774 10.772 8.93051 9.23752 4.91733 10.7361 7.93648 7.0682 6.54708 7.53676 18.4961 7.96257 9.59832 7.89974 9.45251 10.7466 8.77426 8.00382 5.75906 12.8532 7.43839 10.8023 6.54683 7.9796 8.13692 7.72165 9.4214 8.61532 9.4394 3.14353 10.0412 9.21504 11.3206 5.15435 9.09903 11.8876 14.5234 9.93955 13.2306 10.7015 9.9197 10.7233 13.2838 
