20.734 20.7154 20.5495 20.6285 20.7956 20.4756 20.6477 20.8452 20.6951 20.7819 20.5739 20.7515 20.6915 20.7903 20.6224 20.7801 20.8075 20.6952 20.7271 20.8504 20.6541 20.4249 20.6274 20.7995 20.4618 20.8447 20.6721 20.7886 20.8294 20.8786 20.5986 20.8377 20.9067 20.8265 20.7164 20.7439 20.5712 20.8204 20.7634 20.4321 20.8497 20.9105 20.8133 20.7196 20.5822 20.6555 20.7365 20.7333 20.556 20.7179 20.5396 
20.5065 20.7154 20.5495 20.6285 20.6785 20.4756 20.6477 20.8452 20.5047 20.5813 20.5435 20.5791 20.6024 20.7657 20.6224 20.7801 20.7411 20.6952 20.6105 20.8312 20.6541 20.4249 20.6274 20.5577 20.3776 20.7185 20.6721 20.7886 20.6268 20.5131 20.5986 20.4611 20.5528 20.6879 20.7164 20.7439 20.5712 20.6336 20.7634 20.4321 20.8497 20.6581 20.7064 20.7196 20.5822 20.6555 20.6859 20.7333 20.556 20.7179 20.5396 
20.5065 20.6444 20.5495 20.6285 20.6785 20.4756 20.6477 20.7691 20.5047 20.5813 20.5435 20.5791 20.5551 20.7657 20.6224 20.7412 20.677 20.6952 20.4665 20.8312 20.6541 20.4249 20.2151 20.5577 20.3776 20.7185 20.6721 20.5528 20.6268 20.5131 20.5986 20.4611 20.5528 20.6379 20.7164 20.6113 20.5712 20.6336 20.7345 20.4321 20.8497 20.6581 20.7064 20.7129 20.5428 20.6309 20.6859 20.7333 20.556 20.6293 20.5396 
20.5065 20.6444 20.5495 20.4752 20.6785 20.4756 20.6477 20.7477 20.5047 20.5813 20.5435 20.5159 20.5551 20.5613 20.6224 20.7412 20.6602 20.6952 20.4665 20.7119 20.5331 20.4249 20.2151 20.5577 20.3776 20.7185 20.6721 20.5468 20.5585 20.5131 20.5986 20.4611 20.5016 20.6379 20.6617 20.6113 20.5707 20.6015 20.7345 20.4321 20.6893 20.5924 20.7064 20.5322 20.5428 20.5877 20.6845 20.7333 20.556 20.6293 20.467 
20.4327 20.6444 20.5495 20.4752 20.665 20.3392 20.451 20.5745 20.5047 20.5722 20.4881 20.5159 20.5551 20.5334 20.6224 20.7027 20.5642 20.5928 20.4665 20.6432 20.5331 20.4249 20.2151 20.5577 20.3776 20.6169 20.4862 20.5468 20.5585 20.5131 20.5427 20.4611 20.5016 20.5858 20.6617 20.5835 20.5707 20.6015 20.6548 20.4321 20.5764 20.5924 20.4751 20.5322 20.5428 20.4883 20.6845 20.5811 20.556 20.6233 20.426 
20.4327 20.5468 20.4967 20.4752 20.3798 20.3392 20.412 20.5458 20.2947 20.4991 20.4881 20.5159 20.514 20.5334 20.4411 20.4319 20.5642 20.5928 20.4584 20.4477 20.5331 20.4249 20.2151 20.4078 20.3776 20.3521 20.4493 20.5468 20.5585 20.5131 20.4683 20.4611 20.5016 20.46 20.6289 20.5771 20.2924 20.6015 20.5701 20.4321 20.4459 20.3919 20.1347 20.5322 20.5428 20.4883 20.5365 20.5536 20.4022 20.5067 20.426 
20.4327 20.5468 20.4689 20.4752 20.3798 20.3392 19.871 20.5347 20.2501 20.4991 20.4166 20.3357 20.514 20.4376 19.0455 20.4319 20.4197 20.5481 20.4584 20.4477 20.5331 20.4228 20.2151 20.4078 20.3776 20.3521 20.4196 20.4262 20.5585 20.3274 20.4683 20.4611 20.4409 20.46 20.4916 20.5771 20.2924 20.5942 20.5701 20.4321 20.4459 20.3919 20.1347 20.4357 19.6175 20.4362 20.4585 20.5536 20.4022 20.5067 20.3396 
20.4184 20.429 20.4366 20.457 20.3798 20.3392 19.871 20.5347 20.2501 20.3706 20.4152 20.3357 20.4998 20.4376 16.4826 20.4319 20.4197 20.5481 20.4584 20.4477 20.4112 20.4228 20.2151 20.4078 20.3776 20.3521 20.4196 20.4262 20.5585 20.3274 20.3896 20.4611 20.4409 20.3588 19.7481 20.3543 20.2924 20.5786 20.4371 20.4321 20.4459 20.3919 20.1347 20.4357 19.427 20.4362 20.4348 20.5125 20.4022 20.5067 20.3396 
19.6848 20.3086 20.4366 20.457 20.3798 20.3392 19.871 20.3547 20.2501 20.3706 20.3824 20.3357 20.3234 20.4376 15.3919 20.4319 20.4197 20.4137 20.4584 20.4477 20.4112 20.4228 20.2151 20.4078 20.3776 20.3521 20.3544 20.3705 20.5507 20.3274 20.3896 20.4611 20.4121 20.3588 19.7481 20.3543 20.2924 20.4665 20.2352 20.4321 20.4138 20.3864 20.1347 20.4357 19.427 20.4362 20.4348 20.4298 20.4022 20.501 20.3396 
19.3652 20.3086 20.4366 20.457 20.2734 20.2785 19.8497 20.3547 20.2501 20.3706 20.3824 20.3357 20.3234 20.4376 15.2736 20.4319 20.4197 20.4137 20.3445 20.4477 20.4112 20.4228 20.2151 20.4078 20.1696 20.3521 20.3544 20.3705 20.5507 20.3182 20.3896 20.4611 20.3509 20.3588 18.7024 20.3543 20.2924 20.4665 20.2352 20.4321 20.4138 20.3864 20.1347 20.2433 18.307 20.4362 20.2991 20.3698 20.4022 20.4327 20.3396 
17.8993 20.3086 20.4306 20.4338 20.2734 20.2785 19.6696 20.3547 20.2501 20.3248 20.3824 20.3357 20.3234 20.4376 0.0036028 20.3882 20.4197 20.4137 20.3445 20.4477 20.4112 20.4228 20.2151 20.403 20.125 20.3521 20.3544 19.0301 20.4873 20.3182 20.2647 20.4611 20.3509 20.3588 15.6135 20.3543 20.2924 20.4665 20.2352 20.4022 20.4138 20.3864 20.1347 20.2433 17.564 20.3682 20.2991 20.2747 20.4022 20.4327 20.3396 
0.0114343 20.3086 20.3887 20.4338 20.2734 20.2785 16.5381 20.2795 20.2501 20.3248 20.317 20.3357 20.3234 20.4376 0 20.3882 20.4197 20.4137 20.3445 20.2886 20.376 20.4204 20.2151 20.403 20.0746 20.321 20.3544 0.0532327 20.4142 20.2871 20.1307 20.4611 20.3509 20.3588 2.91717e-05 20.3543 20.2924 20.4665 20.1667 20.4022 20.2599 20.348 20.1347 20.2433 2.60218 20.3682 20.2015 20.1724 20.4022 20.3719 20.309 
0 20.0003 19.9893 20 20 20.0001 0 20.0459 20.2501 20.1335 20.0692 20.0372 20.3234 20.0133 0 19.9999 20.1743 20.1121 20 20.0924 19.9999 20.0297 20 20.118 20.0598 20.321 20 0 20.0139 20.0844 20.0853 20 20.0437 20 0 20.2031 20.215 20.1955 20.0362 20 20.0076 20.348 20.0401 20 0 20 20.2015 20.042 20 20.0269 20 
0 20 19.9893 20 20 20 0 20.0459 20.1087 20.132 20.0692 20.0372 20.0216 20.0047 0 19.9999 20.1743 20.1121 20 20.0924 19.9999 20.0297 20 20.118 20.009 20.0053 20 0 20.0089 20.0844 20.0342 20 20.0437 20 0 20.2031 20.024 20.1955 20 20 20.0076 20.1219 20.0401 20 0 20 20.1175 20.0101 20 20.0269 20 
