913923 1.1462e+06 148857 215961 562732 145081 350672 37712.8 676213 1.94191e+06 1.49104e+06 273148 123191 1.82818e+06 33544.3 15201.8 2.10936e+06 634434 263123 1.29046e+06 486788 539181 393454 4.45789e+06 240541 690181 100628 2.3147e+06 1.70638e+06 2.07555e+06 1.9256e+06 838103 547294 1.05766e+06 1.6432e+06 503963 363953 1.05199e+06 1.51248e+06 1.01385e+06 2.07923e+06 98160.1 131041 515274 385467 727373 938587 242497 487563 778621 72882.3 
52529.1 18559.4 148857 215961 195654 145081 90376.7 37712.8 32695.1 58918 52679.6 62651.2 68181.1 175226 33544.3 15201.8 38922.8 31786.6 52404.9 161018 58396 25033.7 16606 145724 10472.7 33920.8 100628 104664 27641 110370 130472 60097.5 152296 78050 63261.6 248516 117189 71372.9 250765 28023.7 67449.8 98160.1 988.619 29408.1 55497.1 75087.9 39342.5 31392.7 122994 64718.1 31487 
10033.5 4965.19 17874.4 19144.7 6582.77 14494.9 11063.1 4058.88 24737.7 911.304 7400.95 20512.5 7662.72 3061.56 2872.44 2301.18 14985.5 20918.2 9981.42 5997.6 9468.4 7737.5 6927.09 15214.2 7634.94 23016.8 4207.72 6476.61 21989.7 11560.5 5184.22 14097.7 28875.4 5148.92 32981.2 7040.82 25540.6 11942.1 24888.3 12882.5 14163.1 5712.36 988.619 2180.13 6976.62 8011.63 23546.2 10677.2 8878.58 18766.2 12949.8 
334.773 233.234 236.423 148.733 348.494 369.643 271.241 100.388 604.35 179.532 442.307 605.458 495.025 281.228 491.881 436.137 62.4458 295.748 181.24 224.145 302.358 301.982 310.154 288.374 655.91 492.702 372.624 344.419 306.84 181.694 175.944 252.548 1219.64 207.963 866.145 249.919 315.233 458.817 362.227 473.381 544.04 153.733 223.375 138.216 470.847 107.524 177.745 334.29 977.143 329.336 230.554 
17.7055 23.5917 12.8749 10.6466 17.0881 12.1711 19.8656 13.3889 15.2918 14.1949 15.1343 13.6259 18.5355 18.6789 19.391 9.51686 15.1269 13.1075 18.0303 14.3609 14.2866 17.1184 16.3376 10.1263 16.691 8.71314 14.2141 19.6287 16.6124 16.611 18.9197 21.575 15.1782 20.357 17.0194 14.6027 18.5971 9.48108 14.1153 13.8764 9.62598 13.8586 16.3949 13.9727 15.545 17.0137 12.2706 18.287 12.6531 17.6075 21.5866 
4.0125 4.49592 4.89921 3.83518 4.71481 5.5449 4.93731 5.83948 4.75511 4.92889 4.47226 5.30034 4.76779 5.635 3.70722 3.60946 3.30067 4.76849 4.7876 4.55124 5.85729 2.02486 6.38655 6.22856 6.13932 4.67224 4.6011 6.47188 4.89645 5.34234 7.30192 6.29332 3.23592 5.0574 5.14701 5.77054 3.76187 3.25939 4.91788 4.18553 4.44931 6.9671 3.13204 4.14363 7.22132 6.21621 3.35018 5.24965 6.88243 6.21999 7.95198 
1.66221 2.93815 2.23084 1.32968 2.63136 2.44798 3.21204 2.60118 2.84003 2.70363 1.25018 2.98023 2.19244 1.80141 2.26595 2.65521 2.60313 3.60213 1.94753 2.6386 2.27248 1.71992 3.1178 2.8215 2.93359 1.39069 3.00516 2.70798 1.61677 2.67326 1.54002 1.39377 1.91131 3.88895 2.09605 1.35162 2.45863 2.34895 1.79039 2.52581 2.41906 1.02781 1.30194 2.32389 1.80456 2.0507 2.00971 2.99951 3.89289 2.81003 2.03235 
1.1182 1.3237 1.26487 0.850788 0.650434 1.60519 1.56928 1.39049 1.15232 1.39272 0.361537 1.17934 0.976887 0.977327 1.24 1.15219 1.32432 1.5184 1.42951 0.933347 1.13811 0.959215 1.76086 1.37704 2.09673 1.31131 1.59915 1.27133 0.472399 1.20205 1.08568 1.35925 0.907898 1.30355 1.04329 1.06708 1.2908 1.07608 1.57048 1.88661 1.57257 0.659853 0.697139 1.38261 0.792128 1.46425 1.37617 2.09659 1.13941 1.45163 1.04231 
0.430876 0.459644 0.271345 0.159012 0.374294 0.842134 0.604797 0.531831 0.737757 1.1911 0.23853 0.77962 0.521142 0.407826 0.602106 0.570029 0.602668 1.08729 0.491115 0.730012 0.55923 0.357456 0.866518 0.687804 1.66627 0.198982 0.899025 0.771931 0.0627628 0.636241 0.436174 0.657893 0.686223 0.523118 0.459904 0.619387 0.663758 0.500005 0.564182 0.570458 0.479808 0.471152 0.314323 0.560701 0.40609 0.734358 0.929713 0.648844 0.786603 0.703488 0.468156 
0.268828 0.228609 0.14829 0.0524532 0.29774 0.307801 0.49826 0.421063 0.148085 0.187249 0.0824933 0.177878 0.112361 0.276 0.436451 0.257761 0.40723 0.436758 0.377734 0.401777 0.304982 0.284572 0.766253 0.551225 1.2199 0.0579006 0.19485 0.208342 0.0307451 0.345188 0.185168 0.169869 0.364642 0.203399 0.284064 0.519825 0.476196 0.446058 0.328038 0.303889 0.257776 0.348953 0.20737 0.400718 0.313884 0.268777 0.55656 0.523692 0.537972 0.51736 0.348922 
0.145102 0.0815092 0.117365 0.0415732 0.281616 0.181281 0.250174 0.219082 0.0396693 0.0731112 0.0595978 0.0937162 0.0473961 0.246787 0.361571 0.16795 0.291163 0.302659 0.340157 0.31514 0.184816 0.264743 0.0798998 0.0761798 0.334345 0.037498 0.0398197 0.0939596 0.0181609 0.22604 0.160585 0.0488889 0.278173 0.0712723 0.206448 0.477781 0.431647 0.440256 0.266429 0.0901379 0.233542 0.327983 0.184877 0.377634 0.278384 0.116368 0.213144 0.0257467 0.188022 0.5 0.0688433 
0.0890352 0.056818 0.112377 0.0238035 0.281219 0.162587 0.105514 0.201602 0.0258187 0.0655939 0.0287588 0.0744597 0.0357457 0.245764 0.359883 0.148307 0.272935 0.299492 0.336817 0.277734 0.166316 0.264336 0.036844 0.044195 0.229372 0.0366968 0.0333761 0.0711396 0.0172398 0.221125 0.159979 0.0202177 0.234364 0.0471692 0.15839 0.47482 0.429328 0.440149 0.197013 0.0458676 0.228691 0.327605 0.175026 0.377077 0.276741 0.0907591 0.204404 0.0167999 0.0683218 0.5 0.0168802 
0.0875241 0.0560293 0.112259 0.0201437 0.281201 0.161713 0.0885055 0.201154 0.0153861 0.0651526 0.00929111 0.071416 0.0335078 0.245404 0.359875 0.147786 0.272895 0.299211 0.336817 0.276767 0.164655 0.264336 0.0282673 0.0425153 0.229064 0.031988 0.0326691 0.0610054 0.0147233 0.221117 0.159976 0.0199708 0.233713 0.0447957 0.156887 0.474814 0.429322 0.440148 0.194233 0.0242336 0.228513 0.327605 0.175016 0.377076 0.276737 0.0872797 0.20439 0.0153633 0.0448114 0.5 0.00832863 
0.0875241 0.0560293 0.112259 0.0201437 0.281201 0.161712 0.0782698 0.201154 0.0153858 0.0651526 0.00923675 0.071146 0.0335078 0.245404 0.359875 0.147786 0.272895 0.29921 0.336817 0.276767 0.164655 0.264336 0.0282673 0.0425151 0.229064 0.0319499 0.0326621 0.0610054 0.0147233 0.221117 0.159976 0.0199707 0.233713 0.0447937 0.156883 0.474814 0.429322 0.440148 0.194233 0.0242032 0.228513 0.327605 0.175016 0.377076 0.276737 0.0872797 0.20439 0.0153626 0.0445188 0.5 0.00827153 
