5.61876e+08 7.66133e+08 4.71462e+08 7.92688e+08 7.65418e+08 8.97196e+08 7.55509e+08 8.07512e+08 7.31485e+08 5.61898e+08 7.67308e+08 6.43133e+08 4.19046e+08 8.07536e+08 6.70804e+08 5.94579e+08 8.41959e+08 5.37192e+08 6.37569e+08 8.71132e+08 5.0991e+08 4.20037e+08 9.57801e+08 5.75454e+08 6.48427e+08 7.24865e+08 3.44241e+08 7.9378e+08 7.09333e+08 5.47959e+08 2.97306e+08 5.65259e+08 7.39728e+08 5.99707e+08 4.83811e+08 7.25252e+08 6.86584e+08 6.53917e+08 6.61371e+08 8.67964e+08 7.43163e+08 7.88269e+08 8.6792e+08 8.55242e+08 7.25179e+08 6.86121e+08 7.92807e+08 8.18313e+08 7.29288e+08 6.55083e+08 7.75971e+08 
2.12187e+08 3.24848e+08 2.70591e+08 4.5458e+08 3.37186e+08 2.85787e+08 2.97056e+08 2.4527e+08 2.11353e+08 3.30262e+08 2.6667e+08 3.79411e+08 2.26761e+08 3.22268e+08 2.52901e+08 3.75607e+08 2.45181e+08 3.09749e+08 2.71912e+08 2.60843e+08 2.34535e+08 2.66255e+08 3.31029e+08 2.28872e+08 3.47201e+08 1.96687e+08 2.13384e+08 3.82581e+08 3.34606e+08 3.97729e+08 2.68587e+08 4.70028e+08 4.26729e+08 3.16329e+08 2.29314e+08 2.60363e+08 3.03918e+08 2.89675e+08 1.8595e+08 2.44332e+08 3.77566e+08 2.76982e+08 3.57699e+08 3.55318e+08 3.31118e+08 2.49502e+08 3.44569e+08 2.59663e+08 2.65789e+08 3.19489e+08 2.75575e+08 
1.88856e+08 2.05734e+08 1.90606e+08 2.31091e+08 1.44583e+08 1.58693e+08 1.79935e+08 2.05188e+08 1.80007e+08 1.30471e+08 1.29844e+08 1.83299e+08 1.35541e+08 1.68144e+08 1.78762e+08 1.71165e+08 1.60205e+08 1.61645e+08 1.29101e+08 1.98181e+08 1.24413e+08 1.60415e+08 1.93992e+08 1.26571e+08 1.36079e+08 1.80924e+08 1.6063e+08 1.89604e+08 1.98139e+08 1.66235e+08 1.78765e+08 2.14359e+08 1.9507e+08 1.49604e+08 1.66661e+08 1.34042e+08 1.71083e+08 1.1424e+08 1.37906e+08 1.56434e+08 1.65195e+08 1.19732e+08 9.01444e+07 1.87774e+08 1.45659e+08 1.86104e+08 1.18961e+08 1.66656e+08 1.13411e+08 1.46844e+08 1.23305e+08 
4.38653e+07 5.3523e+07 3.87749e+07 3.89751e+07 3.8644e+07 5.28993e+07 6.2739e+07 4.42877e+07 4.71197e+07 4.33741e+07 3.80494e+07 5.3469e+07 4.50259e+07 3.35434e+07 4.61011e+07 4.75852e+07 6.17877e+07 4.94851e+07 4.61714e+07 2.38768e+07 4.28823e+07 4.2957e+07 4.30945e+07 3.94133e+07 4.3741e+07 3.82376e+07 3.41977e+07 4.59479e+07 5.09013e+07 3.06948e+07 4.21052e+07 4.60391e+07 3.29485e+07 4.24173e+07 4.25464e+07 3.46932e+07 4.17246e+07 3.62389e+07 4.53896e+07 4.59077e+07 4.59024e+07 3.39609e+07 4.09329e+07 4.10891e+07 6.43204e+07 3.68429e+07 4.04069e+07 3.32608e+07 2.84927e+07 3.37769e+07 4.95784e+07 
1.57571e+06 1.06826e+06 1.4842e+06 1.28701e+06 1.70629e+06 1.29353e+06 2.25091e+06 2.13485e+06 1.86918e+06 1.71821e+06 1.42393e+06 1.19346e+06 1.58114e+06 1.50259e+06 2.10475e+06 1.71822e+06 1.69426e+06 922559 1.28191e+06 1.24806e+06 1.53048e+06 1.32118e+06 1.48076e+06 1.70642e+06 1.56655e+06 1.81516e+06 1.19256e+06 1.40612e+06 1.14365e+06 1.71193e+06 1.58213e+06 1.72835e+06 1.53033e+06 1.652e+06 2.00998e+06 1.68567e+06 2.00586e+06 1.95014e+06 1.71099e+06 2.05008e+06 1.41675e+06 1.37593e+06 1.90192e+06 1.59981e+06 1.78568e+06 1.59851e+06 1.17267e+06 889488 1.32677e+06 1.30255e+06 1.85418e+06 
6088.77 12524.6 10130.4 18910 7711.38 6601.85 14604.3 32169.2 16973.6 3313.93 19098.6 4375.53 16159.6 7809.3 19735.9 5131.17 27494.4 2998.65 18477.4 11360.2 6815.11 9092.07 15764.6 11246.7 4672.23 35802.9 7024.27 12297.1 4561.07 4455.75 8292.46 10413.3 13435.9 6636.35 18789.6 8867.93 18168.2 12232.3 9187.33 12325.5 6262.32 33806.8 5880.21 3860.64 6078.26 9383.26 4735.11 19893.3 32880.7 5086.13 17197.9 
5.9952 25.6295 6.20367 51.6311 3.8758 20.9139 29.8384 632.795 54.8543 2.5615 192.708 109.87 21.1266 6.23762 53.6361 8.32948 23.4406 3.75128 34.7992 5.49194 9.31516 12.8389 187.22 62.9854 6.22238 137.737 79.3382 176.713 7.82946 9.07853 6.10996 14.804 8.94987 4.43458 45.5194 20.9525 32.959 6.25838 49.3445 11.51 6.24841 719.39 6.11603 7.40869 1.81943 40.2293 1.51606 51.8159 206.406 3.287 51.2398 
0.00254275 0.00323587 0.00162668 0.0136612 0.000667849 0.00410841 0.00648229 0.0774538 0.0150449 0.000394992 0.0258046 0.0318649 0.00330988 0.000868978 0.0128214 0.00105601 0.00793475 0.000667571 0.0040942 0.000584452 0.00213375 0.00176251 0.0538503 0.0387029 0.0007706 0.0949027 0.0259535 0.0563784 0.00128186 0.00255809 0.00336153 0.000927591 0.00269425 0.000780077 0.00572774 0.00226783 0.00349053 0.00195318 0.0112685 0.00248828 0.00144322 0.236456 0.000387689 0.00114534 0.000444442 0.00549175 0.000369713 0.0224151 0.0212038 0.00047206 0.00919825 
1.3979e-07 1.265e-07 6.14705e-08 8.08721e-07 5.58089e-08 1.67145e-06 5.18566e-07 4.05351e-06 4.79113e-07 4.24305e-08 8.36414e-07 2.57582e-06 4.62679e-07 4.58466e-08 1.14485e-06 1.40756e-07 5.55932e-07 7.11518e-08 6.51926e-07 2.89645e-08 2.94479e-07 5.69597e-08 5.28362e-06 2.46024e-06 4.58871e-08 7.65057e-06 3.23802e-06 2.18453e-06 3.63731e-08 3.43584e-07 3.40292e-07 6.07715e-08 1.32292e-07 6.1488e-08 1.31045e-07 1.11072e-07 1.73552e-07 5.02761e-08 4.66686e-07 2.36444e-07 8.3789e-08 1.4616e-05 1.73429e-08 1.6068e-07 2.59125e-08 2.40456e-07 6.54054e-08 1.3923e-06 2.5952e-06 4.54261e-08 4.90614e-07 
0 0 0 0 0 0 0 0 0 0 0 0 0 0 0 0 0 0 0 0 0 0 0 0 0 0 0 0 0 0 0 0 0 0 0 0 0 0 0 0 0 0 0 0 0 0 0 0 0 0 0 
0 0 0 0 0 0 0 0 0 0 0 0 0 0 0 0 0 0 0 0 0 0 0 0 0 0 0 0 0 0 0 0 0 0 0 0 0 0 0 0 0 0 0 0 0 0 0 0 0 0 0 
0 0 0 0 0 0 0 0 0 0 0 0 0 0 0 0 0 0 0 0 0 0 0 0 0 0 0 0 0 0 0 0 0 0 0 0 0 0 0 0 0 0 0 0 0 0 0 0 0 0 0 
0 0 0 0 0 0 0 0 0 0 0 0 0 0 0 0 0 0 0 0 0 0 0 0 0 0 0 0 0 0 0 0 0 0 0 0 0 0 0 0 0 0 0 0 0 0 0 0 0 0 0 
0 0 0 0 0 0 0 0 0 0 0 0 0 0 0 0 0 0 0 0 0 0 0 0 0 0 0 0 0 0 0 0 0 0 0 0 0 0 0 0 0 0 0 0 0 0 0 0 0 0 0 
