699.071 878.263 762.566 917.628 912.576 609.92 850.321 597.168 802.124 882.61 685.529 916.189 799.053 1019.84 752.566 858.032 882.265 735.245 858.848 649.853 705.703 729.342 977.345 795.502 773.768 825.223 901.32 865.594 688.856 587.559 759.194 727.811 684.467 680.551 818.197 595.231 922.862 726.749 902.984 798.185 764.953 741.666 706.608 741.147 793.409 691.689 865.521 707.749 738.174 748.258 769.868 
441.944 481.87 517.92 551.18 584.796 442.534 602.834 450.525 591.243 589.493 454.866 645.309 574.842 681.665 560.19 552.352 576.267 483.531 577.042 584.74 459.869 466.857 617.531 558.782 485.972 527.012 596.946 506.682 459.369 443.926 570.87 482.539 598.086 516.125 518.095 422.403 469.874 579.201 543.522 486.825 555.731 532.764 509.687 449.299 481.084 499.359 583.171 524.958 497.892 475.294 693.884 
396.937 403.05 442.911 522.34 440.064 391.625 547.767 392.542 542.82 465.997 398.345 537.989 535.618 544.191 537.461 535.488 522.759 393.166 555.337 536.973 399.561 396.725 541.3 397.677 405.905 429.169 467.989 426.917 395.536 392.468 542.572 415.508 509.342 424.753 418.109 385.521 398.955 539.533 409.23 431.492 520.104 405.543 403.089 391.146 399.785 411.432 536.175 418.777 439.658 399.24 546.898 
375.758 378.095 388.164 493.288 383.164 383.124 507.685 376.127 496.526 384.622 376.003 514.962 517.178 519.424 491.303 495.595 491.077 378.289 508.787 502.238 375.011 379.89 499.223 379.783 379.95 383.168 386.285 383.365 377.517 375.332 507.852 381.199 493.036 382.275 382.959 374.602 376.243 526.109 378.13 386.017 502.58 385.021 379.118 376.339 376.932 376.614 501.755 383.531 382.632 377.45 530.51 
372.165 372.172 372.596 481.135 372.551 380.672 481.731 372.2 483.167 380.659 372.162 488.105 489.159 491.617 481.288 469.717 469.543 372.254 473.147 470.745 369.499 369.143 472.099 372.228 372.248 372.233 372.313 369.974 372.182 372.152 482.061 370.608 487.212 372.301 372.39 369.441 372.161 491.932 372.258 372.595 482.069 361.457 369.708 372.173 372.195 371.636 482.094 380.69 372.286 372.294 487.654 
372.114 372.114 372.114 478.008 372.114 380.627 480.841 372.114 480.843 380.627 372.114 480.842 471.19 471.163 480.841 469.482 455.749 372.114 469.483 469.483 369.371 368.85 469.483 372.114 372.114 372.114 372.114 369.372 372.114 372.114 479.589 369.372 471.236 372.114 372.114 369.371 372.114 469.496 372.114 372.114 480.842 356.828 369.372 372.114 372.114 368.852 480.842 380.627 372.114 372.114 473.875 
372.114 372.114 372.114 477.953 372.114 380.627 480.841 372.114 480.841 380.627 372.114 480.841 471.133 471.133 480.841 469.482 455.748 372.114 469.482 469.482 369.371 368.85 469.482 372.114 372.114 372.114 372.114 369.371 372.114 372.114 479.589 369.371 471.134 372.114 372.114 369.371 372.114 469.482 372.114 372.114 480.841 356.827 369.371 372.114 372.114 368.85 480.841 380.627 372.114 372.114 473.866 
372.114 372.114 372.114 477.953 372.114 380.627 480.841 372.114 480.841 380.627 372.114 480.841 471.133 471.133 480.841 469.482 455.748 372.114 469.482 469.482 369.371 368.85 469.482 372.114 372.114 372.114 372.114 369.371 372.114 372.114 479.589 369.371 471.133 372.114 372.114 369.371 372.114 469.482 372.114 372.114 480.841 356.827 369.371 372.114 372.114 368.85 480.841 380.627 372.114 372.114 473.866 
372.114 372.114 372.114 477.953 372.114 380.627 480.841 372.114 480.841 380.627 372.114 480.841 471.133 471.133 480.841 469.482 455.748 372.114 469.482 469.482 369.371 368.85 469.482 372.114 372.114 372.114 372.114 369.371 372.114 372.114 479.589 369.371 471.133 372.114 372.114 369.371 372.114 469.482 372.114 372.114 480.841 356.827 369.371 372.114 372.114 368.85 480.841 380.627 372.114 372.114 473.866 
372.114 372.114 372.114 477.953 372.114 380.627 480.841 372.114 480.841 380.627 372.114 480.841 471.133 471.133 480.841 469.482 455.748 372.114 469.482 469.482 369.371 368.85 469.482 372.114 372.114 372.114 372.114 369.371 372.114 372.114 479.589 369.371 471.133 372.114 372.114 369.371 372.114 469.482 372.114 372.114 480.841 356.827 369.371 372.114 372.114 368.85 480.841 380.627 372.114 372.114 473.866 
372.114 372.114 372.114 477.953 372.114 380.627 480.841 372.114 480.841 380.627 372.114 480.841 471.133 471.133 480.841 469.482 455.748 372.114 469.482 469.482 369.371 368.85 469.482 372.114 372.114 372.114 372.114 369.371 372.114 372.114 479.589 369.371 471.133 372.114 372.114 369.371 372.114 469.482 372.114 372.114 480.841 356.827 369.371 372.114 372.114 368.85 480.841 380.627 372.114 372.114 473.866 
372.114 372.114 372.114 477.953 372.114 380.627 480.841 372.114 480.841 380.627 372.114 480.841 471.133 471.133 480.841 469.482 455.748 372.114 469.482 469.482 369.371 368.85 469.482 372.114 372.114 372.114 372.114 369.371 372.114 372.114 479.589 369.371 471.133 372.114 372.114 369.371 372.114 469.482 372.114 372.114 480.841 356.827 369.371 372.114 372.114 368.85 480.841 380.627 372.114 372.114 473.866 
372.114 372.114 372.114 477.953 372.114 380.627 480.841 372.114 480.841 380.627 372.114 480.841 471.133 471.133 480.841 469.482 455.748 372.114 469.482 469.482 369.371 368.85 469.482 372.114 372.114 372.114 372.114 369.371 372.114 372.114 479.589 369.371 471.133 372.114 372.114 369.371 372.114 469.482 372.114 372.114 480.841 356.827 369.371 372.114 372.114 368.85 480.841 380.627 372.114 372.114 473.866 
372.114 372.114 372.114 477.953 372.114 380.627 480.841 372.114 480.841 380.627 372.114 480.841 471.133 471.133 480.841 469.482 455.748 372.114 469.482 469.482 369.371 368.85 469.482 372.114 372.114 372.114 372.114 369.371 372.114 372.114 479.589 369.371 471.133 372.114 372.114 369.371 372.114 469.482 372.114 372.114 480.841 356.827 369.371 372.114 372.114 368.85 480.841 380.627 372.114 372.114 473.866 
