204.85 232.965 178.961 177.521 137.874 117.296 151.045 114.256 92.8038 215.539 191.709 160.679 144.219 119.213 197.3 211.887 219.106 249.451 168.342 164.183 127.181 127.295 166.756 171.213 128.014 102.285 171.449 175.753 255.472 206.208 118.548 92.897 149.365 118.538 115.754 126.733 224.435 207.361 183.951 111.832 155.129 102.953 134.006 148.175 162.018 238.886 169.294 111.286 138.21 151.057 178.182 
71.4452 46.6762 74.6689 86.8846 62.8834 66.3061 56.4296 56.5742 61.8479 66.1426 77.9863 74.2865 64.7282 73.4007 66.4223 70.8605 62.18 74.6705 89.5255 65.0911 71.5275 59.5692 73.3118 65.4528 75.265 77.9223 68.0274 62.5424 63.6898 66.4286 70.9198 66.2695 68.5213 54.1727 58.8433 62.0038 73.6853 51.3501 60.2431 85.188 76.4238 56.8792 78.9585 65.0847 83.3954 56.5194 66.3203 64.4214 54.1573 53.7596 63.4737 
49.6437 46.3709 48.5906 49.6921 45.4349 45.593 50.6441 52.2657 44.254 45.4861 53.2999 51.4252 46.2385 55.7851 55.7969 49.4432 50.7506 44.5644 52.3752 51.2209 51.1449 44.3706 43.1201 47.7681 50.3026 46.8175 55.968 51.7965 54.2297 41.9799 52.2707 48.5197 48.3675 49.1806 35.2384 49.8328 45.8503 46.5071 45.4438 59.1252 45.0503 43.5421 53.8246 44.3445 47.7475 49.0364 54.5855 42.9411 48.8532 46.6996 44.0384 
36.9163 36.0123 37.3854 36.7475 36.9839 36.8245 36.133 36.9311 36.8344 37.653 37.0098 36.3835 7.2016 36.4106 36.518 37.9004 4.99839 36.9645 36.7607 37.3924 36.638 35.7901 36.4576 35.6595 28.3907 38.3353 38.0385 37.8499 37.7436 35.7214 37.6228 36.731 37.403 36.7182 26.3861 36.6109 36.7762 36.7963 36.5405 37.6289 36.476 36.289 37.1112 20.2777 36.6411 37.1154 37.1585 36.1689 36.6443 37.378 36.6515 
34.786 34.7853 34.7846 34.7859 34.7877 34.7872 34.7842 34.784 34.7916 34.7876 34.7886 34.7866 0.623493 34.7867 34.7849 34.7869 0.184111 34.7835 34.788 34.7839 34.7845 34.7872 34.7885 34.7852 0.859418 34.7833 34.8037 34.7933 34.7889 34.7838 34.786 34.7865 34.7891 34.7915 0.57173 34.7888 34.7865 34.7853 34.7876 34.8049 34.7845 34.783 34.7881 0.718166 34.786 34.7879 34.7858 34.7833 34.7888 34.7888 34.7836 
34.7803 34.7803 34.7803 34.7803 34.7803 34.7803 34.7803 34.7803 34.7803 34.7803 34.7803 34.7803 5.69697e-05 34.7803 34.7803 34.7803 1.73073e-06 34.7803 34.7803 34.7803 34.7803 34.7803 34.7803 34.7803 2.88801e-05 34.7803 34.7803 34.7803 34.7803 34.7803 34.7803 34.7803 34.7803 34.7803 9.34416e-06 34.7803 34.7803 34.7803 34.7803 34.7803 34.7803 34.7803 34.7803 4.72501e-05 34.7803 34.7803 34.7803 34.7803 34.7803 34.7803 34.7803 
34.7803 34.7803 34.7803 34.7803 34.7803 34.7803 34.7803 34.7803 34.7803 34.7803 34.7803 34.7803 0 34.7803 34.7803 34.7803 0 34.7803 34.7803 34.7803 34.7803 34.7803 34.7803 34.7803 0 34.7803 34.7803 34.7803 34.7803 34.7803 34.7803 34.7803 34.7803 34.7803 0 34.7803 34.7803 34.7803 34.7803 34.7803 34.7803 34.7803 34.7803 0 34.7803 34.7803 34.7803 34.7803 34.7803 34.7803 34.7803 
34.7803 34.7803 34.7803 34.7803 34.7803 34.7803 34.7803 34.7803 34.7803 34.7803 34.7803 34.7803 0 34.7803 34.7803 34.7803 0 34.7803 34.7803 34.7803 34.7803 34.7803 34.7803 34.7803 0 34.7803 34.7803 34.7803 34.7803 34.7803 34.7803 34.7803 34.7803 34.7803 0 34.7803 34.7803 34.7803 34.7803 34.7803 34.7803 34.7803 34.7803 0 34.7803 34.7803 34.7803 34.7803 34.7803 34.7803 34.7803 
34.7803 34.7803 34.7803 34.7803 34.7803 34.7803 34.7803 34.7803 34.7803 34.7803 34.7803 34.7803 0 34.7803 34.7803 34.7803 0 34.7803 34.7803 34.7803 34.7803 34.7803 34.7803 34.7803 0 34.7803 34.7803 34.7803 34.7803 34.7803 34.7803 34.7803 34.7803 34.7803 0 34.7803 34.7803 34.7803 34.7803 34.7803 34.7803 34.7803 34.7803 0 34.7803 34.7803 34.7803 34.7803 34.7803 34.7803 34.7803 
34.7803 34.7803 34.7803 34.7803 34.7803 34.7803 34.7803 34.7803 34.7803 34.7803 34.7803 34.7803 0 34.7803 34.7803 34.7803 0 34.7803 34.7803 34.7803 34.7803 34.7803 34.7803 34.7803 0 34.7803 34.7803 34.7803 34.7803 34.7803 34.7803 34.7803 34.7803 34.7803 0 34.7803 34.7803 34.7803 34.7803 34.7803 34.7803 34.7803 34.7803 0 34.7803 34.7803 34.7803 34.7803 34.7803 34.7803 34.7803 
34.7803 34.7803 34.7803 34.7803 34.7803 34.7803 34.7803 34.7803 34.7803 34.7803 34.7803 34.7803 0 34.7803 34.7803 34.7803 0 34.7803 34.7803 34.7803 34.7803 34.7803 34.7803 34.7803 0 34.7803 34.7803 34.7803 34.7803 34.7803 34.7803 34.7803 34.7803 34.7803 0 34.7803 34.7803 34.7803 34.7803 34.7803 34.7803 34.7803 34.7803 0 34.7803 34.7803 34.7803 34.7803 34.7803 34.7803 34.7803 
34.7803 34.7803 34.7803 34.7803 34.7803 34.7803 34.7803 34.7803 34.7803 34.7803 34.7803 34.7803 0 34.7803 34.7803 34.7803 0 34.7803 34.7803 34.7803 34.7803 34.7803 34.7803 34.7803 0 34.7803 34.7803 34.7803 34.7803 34.7803 34.7803 34.7803 34.7803 34.7803 0 34.7803 34.7803 34.7803 34.7803 34.7803 34.7803 34.7803 34.7803 0 34.7803 34.7803 34.7803 34.7803 34.7803 34.7803 34.7803 
34.7803 34.7803 34.7803 34.7803 34.7803 34.7803 34.7803 34.7803 34.7803 34.7803 34.7803 34.7803 0 34.7803 34.7803 34.7803 0 34.7803 34.7803 34.7803 34.7803 34.7803 34.7803 34.7803 0 34.7803 34.7803 34.7803 34.7803 34.7803 34.7803 34.7803 34.7803 34.7803 0 34.7803 34.7803 34.7803 34.7803 34.7803 34.7803 34.7803 34.7803 0 34.7803 34.7803 34.7803 34.7803 34.7803 34.7803 34.7803 
34.7803 34.7803 34.7803 34.7803 34.7803 34.7803 34.7803 34.7803 34.7803 34.7803 34.7803 34.7803 0 34.7803 34.7803 34.7803 0 34.7803 34.7803 34.7803 34.7803 34.7803 34.7803 34.7803 0 34.7803 34.7803 34.7803 34.7803 34.7803 34.7803 34.7803 34.7803 34.7803 0 34.7803 34.7803 34.7803 34.7803 34.7803 34.7803 34.7803 34.7803 0 34.7803 34.7803 34.7803 34.7803 34.7803 34.7803 34.7803 
