39.6201 37.5166 40.2669 41.4722 42.4947 40.1946 40.1837 40.0613 39.7743 43.2012 42.9046 42.0891 43.1398 41.4293 40.0109 42.8109 42.9104 40.9871 41.2396 42.9539 42.2076 39.4026 41.469 41.5031 39.8998 42.1583 39.7956 41.4125 36.2442 41.9022 40.5011 41.0959 39.6193 41.2072 41.7347 40.7655 41.1808 42.1123 42.4896 39.3525 39.4606 42.8756 42.6124 41.8516 40.3458 43.0962 43.8057 38.5362 42.4472 42.1339 40.1208 
37.7938 36.3786 38.3605 37.5404 39.3168 39.6783 37.9637 37.2307 38.8608 39.0883 40.7611 40.9428 36.6923 40.4696 35.2923 40.0546 38.5114 37.5546 37.3636 38.8322 39.7284 39.4026 38.0265 41.2159 38.1877 39.7035 39.6079 41.4125 36.2442 39.1869 37.6939 40.0062 36.1239 39.7773 36.8859 40.1546 37.3848 38.6102 41.1175 38.5765 38.2182 37.486 40.251 38.9576 39.1195 39.7437 37.1477 36.8046 39.5593 38.5772 39.1759 
37.7938 36.3786 37.1504 37.5404 38.2351 36.634 37.4718 35.1417 38.2677 38.3078 40.1584 38.9298 33.6988 38.4955 35.2923 38.2488 35.4905 36.8314 37.3636 38.3182 36.8862 36.8733 37.3409 39.7214 35.1287 39.1827 33.1567 38.0552 36.2442 39.1869 34.6409 37.7853 36.1239 38.4635 35.1937 38.9718 37.3848 36.6235 38.1201 37.3592 38.2182 37.1926 37.1253 34.3403 39.1195 38.7668 37.1477 36.8046 39.5593 38.2144 36.506 
34.9789 35.0645 30.1514 34.6248 35.7056 33.8413 33.849 32.1872 34.8523 35.2793 35.919 34.9783 33.6988 37.5734 33.4295 34.1061 33.2324 32.9003 31.8557 36.1482 34.422 35.5815 34.5118 35.4294 30.0334 27.094 33.1567 36.0404 35.8645 36.1128 34.6409 34.2097 36.1239 34.1711 30.8705 34.8461 33.8346 35.139 32.3869 35.1775 34.762 33.9391 35.0519 34.1868 35.4243 32.0103 35.2534 32.6696 36.4737 35.0843 36.4269 
33.2015 27.8288 29.465 26.582 27.3498 23.6924 26.933 25.3725 30.0316 21.3552 27.4321 26.7307 26.6372 28.326 23.94 25.4814 22.1153 19.113 25.9092 29.0294 31.2649 27.5885 22.5991 21.6559 23.7551 24.802 25.6891 26.7417 28.325 29.6521 29.2745 21.5895 28.368 27.0755 23.6486 29.748 29.3423 29.394 21.5089 26.1678 26.7691 27.535 23.6511 25.3113 32.1025 27.6918 28.2809 29.3004 28.1983 26.6 27.7516 
17.8474 7.69066 4.84031 2.80253 2.87425 1.80893 3.9285 5.47054 5.92074 2.20074 3.80388 2.69318 4.15059 3.45579 1.71272 3.7395 2.66709 1.32906 2.8878 3.37186 5.15059 4.25132 1.64164 1.84261 2.20793 1.9642 3.39681 2.55878 8.49205 6.17087 7.77262 1.99407 3.22719 3.36841 1.7461 4.76549 9.72359 15.7435 1.60438 2.12564 4.74387 4.63893 2.01293 2.08364 11.8694 3.65858 6.43194 3.64031 5.29744 3.54033 19.3765 
1.14099 0.381104 0.184249 0.112399 0.120468 0.0812752 0.190255 0.2336 0.315667 0.102571 0.200865 0.129855 0.222269 0.153431 0.0911346 0.173322 0.127198 0.0760626 0.109154 0.17681 0.206496 0.196203 0.0880406 0.0735301 0.0910287 0.0844341 0.180398 0.136226 0.463989 0.300521 0.358078 0.108155 0.150908 0.167956 0.0852803 0.198821 0.475255 2.91093 0.086791 0.12514 0.207057 0.162512 0.12009 0.0973912 0.647869 0.191455 0.264312 0.161483 0.266774 0.156461 2.25741 
0.0309087 0.00989207 0.00462488 0.00315314 0.00366063 0.00198237 0.00482091 0.00739697 0.00763284 0.00240677 0.00441811 0.00346913 0.00604636 0.00541896 0.00239473 0.00575689 0.00368499 0.00208828 0.0027375 0.00450737 0.00602514 0.00595339 0.002398 0.00206776 0.00305954 0.00232437 0.00454897 0.00482716 0.0113987 0.00753001 0.0116386 0.00260912 0.00397903 0.00463752 0.00202661 0.00624331 0.0122098 0.0897212 0.00213579 0.00336516 0.00530848 0.00552648 0.00299698 0.00299787 0.018328 0.00505061 0.00680957 0.00448597 0.00834057 0.004567 0.0619112 
0.000435294 0.000156966 3.69078e-05 2.29557e-05 2.72662e-05 3.26096e-06 4.56348e-05 0.000102844 9.60293e-05 8.2354e-06 3.45914e-05 2.61834e-05 6.01403e-05 5.95757e-05 9.13399e-06 4.73656e-05 2.34464e-05 3.46563e-06 2.76492e-05 2.72527e-05 5.48181e-05 6.19639e-05 1.06744e-05 5.41586e-06 1.81764e-05 1.79765e-05 4.30569e-05 4.41349e-05 0.000195328 7.44454e-05 0.000171109 1.07343e-05 5.3037e-05 4.75356e-05 1.7736e-06 9.55321e-05 0.000140736 0.00121508 8.39305e-06 3.56066e-05 6.85901e-05 7.62229e-05 2.33765e-05 1.43219e-05 0.00028954 6.48071e-05 7.52634e-05 5.05789e-05 7.90601e-05 5.39254e-05 0.000955533 
0 0 0 0 0 0 0 0 0 0 0 0 0 0 0 0 0 0 0 0 0 0 0 0 0 0 0 0 0 0 0 0 0 0 0 0 0 4.87548e-08 0 0 0 0 0 0 0 0 0 0 0 0 0 
0 0 0 0 0 0 0 0 0 0 0 0 0 0 0 0 0 0 0 0 0 0 0 0 0 0 0 0 0 0 0 0 0 0 0 0 0 0 0 0 0 0 0 0 0 0 0 0 0 0 0 
0 0 0 0 0 0 0 0 0 0 0 0 0 0 0 0 0 0 0 0 0 0 0 0 0 0 0 0 0 0 0 0 0 0 0 0 0 0 0 0 0 0 0 0 0 0 0 0 0 0 0 
0 0 0 0 0 0 0 0 0 0 0 0 0 0 0 0 0 0 0 0 0 0 0 0 0 0 0 0 0 0 0 0 0 0 0 0 0 0 0 0 0 0 0 0 0 0 0 0 0 0 0 
0 0 0 0 0 0 0 0 0 0 0 0 0 0 0 0 0 0 0 0 0 0 0 0 0 0 0 0 0 0 0 0 0 0 0 0 0 0 0 0 0 0 0 0 0 0 0 0 0 0 0 
