303444 157731 164501 169031 219959 389028 321559 741866 152919 135409 78872.6 119737 248268 152720 229270 341502 386488 126783 408607 137540 159820 73826 175498 204769 172282 134746 126549 261522 127028 299932 148178 27535.7 230062 273534 421667 237518 221573 216223 219030 279821 212281 162405 248811 94321.4 118655 418137 158937 91364.3 325302 137423 312048 
133926 53394.5 52566.5 28949.5 33286.9 62628.3 74215.4 63373 59793.8 81576.7 70501.7 65882.5 54505.2 45023.7 59793.8 34276.4 43844.8 48362 43436.6 19635.9 56526.3 39495.9 23439.1 57298.5 52868.7 76423.7 57970.8 87431 47259.9 34284.9 38861.2 13364.7 72624.3 24432.9 60080.4 89855.3 42538.9 36467.5 47206.4 43344.9 82780.4 59504.4 36875.7 41120.2 57369.1 88604.6 48678.5 66484.7 37131 58973.6 22504 
28347.8 32799.2 41528.5 24696.6 14304.6 17046.7 20686.4 37474.9 9670.11 26225.5 31152.1 15318.1 27758.4 8824.72 43296.4 19700.7 15212.5 14570.7 35538 19635.9 16745.6 15102.9 20183.7 13218.1 44756.7 23514.7 24459.2 28421.3 12045.2 21458.6 25261.8 13364.7 28341.1 15057.3 18524.2 14735.8 12618.5 25285.7 32289.9 17484.5 16285.4 25094.2 20987.9 41120.2 22202.5 17921.9 26924.2 41543.4 15994.7 27347.4 22504 
5878.7 3341.52 3689.41 2117.85 1526.42 2561.51 3709.06 3445.4 3316.88 5330.21 2135.39 5037.73 2954.99 3264.78 2004.57 4875.27 3064.81 5030.11 2839.96 3586.37 3469.91 3902.67 3422.15 3241.39 7675.08 3094.55 2473.51 2615.38 2088.65 1084.85 2643.9 3586.31 4801.21 3982.18 6017.85 1618.2 2846.1 5873.13 2836.02 6149.28 2979.55 6105.99 4618.83 5106.54 2188.2 3038.34 3211.28 3245.12 3455.04 1738.84 4443.91 
174.624 210.422 178.898 157.299 121.737 167.145 120.646 197.349 150.947 175.346 163.209 181.324 158.312 133.783 218.134 184.257 169.093 180.72 186.257 127.652 159.827 161.804 147.182 167.184 173.179 163.312 200.56 199.673 183.346 171.199 139.738 155.465 174.722 133.902 169.705 117.294 162.974 164.344 179.634 185.76 173.676 211.318 193.839 171.835 170.668 141.204 146.749 179.419 137.549 167.324 156.465 
48.1047 45.8825 52.1592 50.7599 47.8169 49.1205 49.261 46.8934 45.45 46.995 34.6031 43.9832 41.7109 45.1726 39.3772 37.8311 41.6172 41.5049 46.86 42.868 44.6675 38.7409 45.8268 49.0297 37.1316 34.6383 36.9942 43.5676 45.767 37.0922 40.2474 50.3365 41.584 45.1368 44.3911 46.8392 51.1409 46.6644 53.5153 49.8405 41.8367 49.8482 36.1151 44.5009 45.5716 41.5258 32.4924 42.8373 35.3748 44.0575 42.5394 
24.5976 30.5444 40.5994 32.6469 26.896 34.4308 27.8744 32.9096 34.489 35.3314 29.8068 34.5168 28.7506 29.2284 28.9252 30.7997 30.5388 33.4078 32.8285 26.6661 27.7942 31.8984 19.6785 30.7397 32.2975 28.0329 33.2822 34.1209 26.7267 35.7858 33.8842 34.8178 25.7869 32.5585 28.7066 30.938 26.5255 23.3751 25.3159 29.67 35.6345 35.6791 22.1752 32.3796 26.259 33.3589 32.4924 29.8574 28.7211 34.9133 33.7461 
20.7729 19.8759 23.0945 20.8216 16.8353 18.4694 17.5901 17.4755 22.8315 21.9576 15.5867 18.8876 17.8655 16.9012 19.7239 14.7186 15.0369 14.5291 22.1804 23.1486 16.6545 22.0591 17.6927 22.326 21.2976 20.1708 18.1473 21.3611 25.0062 25.1955 20.0414 22.9649 18.1992 19.4324 18.1323 18.2787 18.9302 21.0706 19.4777 21.2086 20.6559 19.3036 19.1008 23.5107 20.6314 20.0055 20.7778 20.6734 22.4879 20.6178 20.1766 
13.9979 17.7309 16.1335 16.4 14.1683 18.0153 12.8011 13.6306 15.2726 13.6836 13.0751 13.4209 12.179 9.94711 15.1193 13.0715 12.9269 14.0872 16.7953 14.504 12.1763 19.0848 15.0426 15.5964 13.7502 12.3231 13.787 15.8533 13.7578 14.6283 17.5053 17.1789 11.1173 16.8404 11.7952 14.2936 15.906 13.6734 15.4096 19.0438 15.922 13.11 16.2101 17.2563 16.9425 15.5359 14.6482 13.4892 16.3569 18.9233 16.7387 
13.371 13.3162 15.3553 12.3276 10.4355 16.5416 8.82794 7.99683 12.5017 12.84 10.8548 9.44644 10.5791 8.42009 13.2815 10.6426 12.5137 13.0232 14.869 12.3657 7.54738 14.2582 13.6132 9.43461 12.7771 10.4696 11.1045 11.992 9.74743 11.3213 14.2297 10.744 10.3524 11.8521 11.1312 12.8136 13.7065 13.0205 12.3182 14.8604 13.0671 12.9115 12.8408 12.9261 11.7189 12.8377 14.4437 11.4394 11.4074 14.1085 11.0381 
12.2685 11.0554 12.7562 12.3276 8.33029 14.657 8.57015 7.99683 7.81444 9.06569 9.43567 8.8097 9.27846 6.77204 13.2815 7.47407 10.1013 10.3776 12.253 11.9032 6.07941 13.1448 11.3369 8.74952 10.3785 5.71104 9.53985 10.395 9.16237 10.7212 10.2992 10.4011 2.66845 11.089 10.4992 11.2988 11.9578 8.58578 9.50448 8.58434 12.4503 4.05769 10.0002 9.29858 10.7476 10.2944 13.5902 9.99711 9.97351 12.5815 10.2183 
10.5909 4.92331 11.3177 6.33683 2.30765 8.78337 4.08619 1.55896 5.51075 4.48633 2.15725 3.14831 3.73869 2.29032 6.28817 2.21981 5.67548 8.7208 9.1435 4.45766 1.73486 6.82743 9.56631 2.33085 2.39569 0.996128 9.02081 6.06411 4.33181 6.76225 2.67187 4.02739 1.59682 7.26598 4.12104 8.90911 9.78669 2.01874 5.5413 7.12712 8.27236 2.19987 4.23482 8.53395 3.62151 2.17965 10.014 8.01577 5.14319 11.2154 8.61056 
3.59009 1.60847 3.93491 4.73681 1.44784 2.28027 1.30755 1.0159 2.19035 2.44852 1.26897 2.54732 1.23881 1.48736 2.77514 2.16084 3.02904 2.6093 3.25665 4.05605 1.72682 2.59463 4.61253 2.1521 1.55804 0.918169 2.6879 3.03536 2.74759 5.35589 1.91294 1.44433 1.50034 3.02623 1.48631 1.80257 3.556 1.69412 1.51199 2.84034 3.83644 1.81412 1.63338 2.98412 2.69339 1.3492 5.10717 3.42106 2.27066 2.26949 4.0364 
3.54932 1.45958 3.49887 4.6732 1.42062 1.98203 1.27904 0.991067 2.17591 2.30211 1.24326 2.4953 1.16908 1.44644 2.54737 2.14651 2.95919 2.48156 3.2411 4.01909 1.72574 2.50562 4.55392 1.96949 1.5474 0.902779 2.35908 2.88741 2.71839 5.3181 1.85754 1.06989 1.49279 2.92375 1.40716 1.67766 3.38478 1.68819 1.45261 2.62206 3.81998 1.78294 1.51183 2.90387 2.68935 1.18256 4.91439 3.01682 2.22936 1.92549 3.98867 
