8441.06 8430.34 8413.36 7951.63 8147.95 8581.32 8107.21 7991.92 8272.64 8291.87 7860.19 8034.96 7932.23 8206.21 7970.84 7687.25 7308.95 8000.2 8113.18 7603.72 8249.52 8540.64 7894.94 7672.66 7977.12 8266.09 8612.94 7961.25 8556.57 8705.42 8309.98 7864.57 8132.79 8191.21 8293.04 8035.77 8136.16 8214.63 8449.45 8342.04 8191.71 7950.48 7347.31 8466.86 8234.09 8763.99 8630.31 8543.49 7554.27 7555.3 8280.82 
7309.54 8393.43 8147.72 7951.63 8147.95 7671.44 8107.21 7991.92 7469.58 8163.63 7176.25 8034.96 7932.23 7525.42 7970.84 7687.25 7308.95 8000.2 8029.44 7603.72 8248.31 7753.05 7894.94 7672.66 7977.12 7833.5 8570.01 7772.26 8032.65 7564.06 7843.4 7864.57 7943.19 7203.23 7767.58 7962.04 8136.16 6993.93 7473.13 8342.04 7756.83 7950.48 7347.31 7992.09 8234.09 8149.65 7807.79 8310.95 7554.27 7555.3 8028.33 
7309.54 8021.6 7942.67 7951.63 8147.95 7671.44 7872.18 7736.88 7469.58 8110.77 7176.25 7847.61 7932.23 7525.42 7970.84 7687.25 7308.95 8000.2 8029.44 7553.28 7840.95 7753.05 7502.27 7672.66 7487.34 7833.5 8125.66 7772.26 8032.65 7077.46 7826.38 7864.57 7943.19 7203.23 7767.58 7962.04 8136.16 6993.93 7398.14 7644 7756.83 7950.48 7347.31 7893.63 8234.09 7767.41 7807.79 8310.95 7554.27 7555.3 8028.33 
7309.54 7957.23 7942.67 7951.63 7931.53 7671.44 7491.04 7736.88 7469.58 7750.26 7176.25 7495.8 7840.84 7525.42 7400.23 7153 7308.95 7606.87 7984.53 7553.28 7581.36 7715.83 7416.55 7414.09 7487.34 7551.31 7891.28 7772.26 7926.99 7077.46 7233.02 7864.57 7768.65 7203.23 7767.58 7388.34 7841.12 6993.93 7398.14 7644 7756.83 7123.98 7347.31 7893.63 7863.19 7767.41 7807.79 7764.07 7554.27 7555.3 8028.33 
7309.54 7599.69 7929.26 7506.76 7554.45 6831.75 7489.23 7666.62 7258.16 7530.53 7176.25 7495.8 7694.12 7525.42 7400.23 7153 7308.95 7600.75 7984.53 7499.63 7581.36 6555.23 7185.8 7414.09 7487.34 7551.31 7404.8 6901.32 7401.15 7077.46 7233.02 7390.79 7517.17 7082.97 7183.84 7323.86 7643.4 6993.93 7398.14 6563.18 7400 7123.98 7249.98 7122.29 7506.86 7048.52 7385.55 7705.96 7032.21 7092.02 7493.66 
6413.79 7290.03 7101.93 7169.3 6836.53 6831.75 7022.97 6730.1 7258.16 7140.45 7128.82 7356.39 7124.53 7525.42 6606.52 7020.31 7304.39 7408.32 6827.81 7048.99 6079.42 6555.23 7185.8 6985.91 7487.34 6944.89 7404.8 6901.32 6580.08 7077.46 7233.02 7390.79 6976.48 6713.75 7027.25 7126.64 6815.05 6993.93 6974.63 6563.18 7019.83 7085.32 6545.71 7122.29 6242.9 7048.52 6923.38 7191.34 6775.4 7092.02 7000.58 
6413.79 6896.45 6444.52 6949.21 6331.65 6525.2 6250.09 6562.2 6125.46 6824.73 6042.33 6392.24 6367.02 7015.62 6606.52 6890.77 6972.24 7023.74 6827.81 6682.53 6073.18 6497.53 6375.87 6464.61 6733 6532.44 6814.01 6191.7 6580.08 6687.27 7195.5 6554.94 6725.36 6711.86 6372.66 6628.72 6310.55 6512.34 6417.81 6399.75 6740.08 6421.07 6545.71 6827.62 6242.9 6218.89 6923.38 6696.84 6775.4 6962.69 6878.02 
5909.36 5865.85 5809.92 5866 6004.3 5614.18 5784.38 5827.08 5811.3 5579.81 5820.62 5621.96 6110.49 5882.46 5443.95 5275.37 6120.61 5108.78 5887.14 5986.93 5936.15 6103.68 5971.02 6163.69 6084.3 5468.57 6003.79 5806.04 5213.55 5986.56 5438.19 5747.05 6029.76 5995.2 5946.78 5589.13 5873.38 6234.37 6143.51 5958.05 5977.22 5957.46 5668.75 5759.46 6085.85 5534.41 6065.29 6086.08 5981.04 6260.72 6006.37 
5454.81 5546.27 5167.85 5732.06 5719.94 5102.48 4999.33 5425.92 5209.15 4863.88 5075.05 5539.68 5704.48 5446.76 4896 5054.36 5562.14 5048.75 5523.63 5367.2 5722.66 4643.78 5837.27 5467.7 5919.3 5393.95 5876.27 5530.77 4321.15 5824.2 5210.76 5546.82 5526.23 5144.41 5139.42 5009.08 5541.38 5794.9 5660.29 5917.43 5575.53 5555.92 5333.36 4795.76 4845.34 5167.73 5439.08 5761.49 5399.32 5639.29 5163.97 
4425.24 4692.82 4265.2 4802.5 5050.69 3813.47 4441.71 4477.05 4660.72 4584.21 4919.39 5024.45 4188.16 3666.85 4880.59 4135.33 3721.4 4706.68 4874.47 4976.4 4294.23 3613.36 4569.58 4061.3 5057.96 4247.43 5215.07 5140.83 3054.44 4322.53 4388.37 4168.18 4111.15 4068.5 4147.89 4050.85 4484.26 4460.79 4336.45 4553.88 4523.13 5025.93 5245.06 3914.71 4464.43 3723.37 4982.02 5399.68 4396.9 5266.76 4853.51 
2912.36 3343.94 3482.65 3642.94 3666.26 3282.03 3060.11 3451.72 3275.33 3294.14 3635.96 3378.44 3342.49 2884.99 3714.21 3257.33 3103.94 3293.69 3952.34 3602.57 3484.74 3331.84 3680.25 3074.41 3436.45 2746.9 4086.32 3524.58 2745.46 2661.35 3453 2815.89 2936.06 2903.78 3561.51 2806.85 3219.97 3476.46 3587.14 3304.46 3468.05 3251.4 3535.29 3242.38 3457.25 3057.96 3523.42 4189.51 3729.54 5059.98 3380.7 
2358.33 2413.99 2389 2806.49 2813.38 2064.29 2236.95 2611.07 2399.7 2197.03 2889.9 2404.12 2562.05 2249.18 2665.6 2503.38 2388.1 2873.88 3167.32 2554.63 2685.98 2896.12 2748.68 2279.46 2926.21 2403.19 2699.28 2882.07 1979.84 1852.82 2379.77 2411.08 2524.94 2114.51 2581.63 2273.14 2729.11 2589.24 2978.76 3175.5 2580.91 2574.17 2416.37 2393.42 2363.3 2433.05 2912.63 3061.77 2651.13 3351.32 2559.85 
1742.67 1460.66 1678.51 1667.77 2090.54 1605.27 1368.71 1649.55 1928.19 1668.14 1710.24 1709.37 1416.87 1545.69 1536.1 1650.57 1815.86 1998.26 2288.71 1815 1682.74 2057.32 1622.27 1379.75 1939.91 1373.06 1666.96 1817.14 1611.27 1340.37 1726.23 1518.53 1528.47 1256.51 1746.39 1581.04 1994.73 1469.43 1957.68 1759.63 1763.53 1723.33 1504.29 1940.6 1194.64 1697.85 1917.55 2256.91 1573.9 1850.84 1805.05 
1502.84 1044.76 1257.72 920.68 1567.97 1227.25 911.179 1175.58 1293.46 922.64 973.533 1510.72 1130.25 990.813 1016.67 616.018 1519.49 1552.4 1467.92 1613.01 1264.78 1496.9 1265.02 1026.25 1686.81 791.932 1411.62 1051.52 1017.68 970.696 1470.31 1037.27 959.566 896.243 1464.61 786.468 1434.54 689.289 1129.53 1141.88 762.947 1351.03 933.122 1167.25 464.22 1208.24 1401.91 1411.63 1241.81 1164.81 1351.86 
