468.847 556.028 504.374 526.908 527.372 401.251 477.329 195.295 505.19 484.085 325.882 536.295 449.335 225.269 307.92 437.458 548.711 366.037 194.376 542.776 123.02 457.091 290.975 506.755 150.54 514.909 201.489 409.79 501.841 555.716 318.511 488.862 413.426 515.757 499.174 255.877 172.564 243.696 255.788 255.551 474.751 510.906 195.821 498.347 464.475 302.127 246.333 200.396 319.502 500.361 439.408 
451.686 480.639 456.134 476.64 434.601 164.662 444.08 110.668 469.824 473.807 211.703 467.929 442.251 225.269 103.502 263.111 487.335 265.969 31.3978 398.405 123.02 457.091 169.874 475.47 150.54 485.991 85.8346 95.4354 482.05 468.685 118.043 463.687 413.426 446.785 420.974 129.721 67.4191 107.019 255.788 115.636 272.362 356.839 131.716 433.752 145.751 119.193 246.333 45.3485 290.653 261.598 379.361 
451.686 451.863 423.604 253.17 171.591 30.1443 423.511 32.201 435.94 443.69 64.494 435.044 373.456 59.2845 67.8161 81.0429 431.912 38.3796 31.3978 119.63 86.0387 415.884 94.4808 418.946 50.2262 419.93 26.6379 41.1741 425.43 431.145 54.597 428.488 413.426 428.329 420.733 44.2266 41.9598 36.8209 73.2292 21.4407 108.848 129.474 32.9904 433.752 52.188 14.4162 69.2905 21.1713 70.1212 72.4148 49.5301 
386.289 390.11 403.818 22.4048 11.4273 12.7627 403.903 8.8741 390.138 389.391 10.2732 380.41 180.626 12.6971 10.234 6.43536 368.656 10.4498 8.86678 14.6855 6.03942 401.666 8.01155 374.816 17.0422 377.281 6.36331 10.7042 373.398 373.695 10.8534 347.876 407.01 409.049 378.343 9.68104 5.5439 6.32737 9.77931 9.21443 13.0422 10.4032 8.92194 408.488 10.0388 6.85254 13.6045 8.64822 19.9458 9.98325 6.3525 
323.976 324.229 400.299 4.164 4.99248 5.44441 400.476 4.3594 322.749 321.584 5.56601 318.38 5.64514 4.81546 2.94408 4.42195 321.047 5.95053 5.03507 4.74072 3.91302 400.182 1.95728 316.317 4.24111 319.493 4.41288 2.85733 318.391 321.331 4.70444 321.059 400.4 400.49 315.328 5.1677 4.02658 4.63065 4.7576 4.4532 5.35876 5.01689 5.55558 400.967 5.37952 4.82616 4.98155 6.07384 4.735 4.41793 4.7767 
300.836 300.816 400.135 3.28919 3.1742 3.22939 400.001 3.22462 300.876 301.033 2.91928 300.983 3.33581 3.00221 2.94408 2.72135 300.746 4.12935 3.06491 2.73884 2.80222 400.133 1.95728 300.451 2.46678 300.855 2.87279 2.00115 300.857 300.869 3.87893 300.818 400.134 400.135 300.648 2.19311 3.07063 3.27002 2.52666 2.8861 2.87618 3.2586 2.83599 400.135 2.83574 2.29223 2.04645 2.5423 2.49458 2.57028 4.24323 
300.032 300.029 400.132 2.61601 2.69858 2.3588 400 2.47812 300.03 300.041 1.89746 300.03 2.27576 2.7126 2.94408 2.23632 300.023 2.60357 3.06491 2.22872 2.18832 400.132 1.95728 300.021 1.84679 300.029 2.33283 1.74355 300.021 300.03 2.86306 300.029 400.132 400.132 300.012 2.19311 2.66624 2.29369 2.52666 2.2448 2.57322 2.12438 2.17277 400.132 2.22064 1.77306 2.04645 2.5423 2.27283 2.19855 2.83179 
300.001 300 400.132 1.93891 2.30171 2.02207 400 1.68767 300.001 300.001 1.86923 300 2.06343 1.9965 1.64058 1.87003 300 2.35552 2.79322 1.79585 1.69854 400.132 1.52195 300 1.84679 300.001 1.71123 1.74355 300 300.001 2.34057 300.001 400.132 400.132 300 1.8663 2.02242 2.05524 2.33344 2.08641 2.19653 1.73913 1.22897 400.132 1.34515 1.77306 1.67491 1.90497 1.99034 1.59589 2.83179 
300 300 400.132 1.93891 1.89353 1.84345 400 1.46886 300 300 1.44364 300 1.97499 1.97721 1.64058 1.87003 300 2.29085 2.23688 1.68875 1.30493 400.132 1.50796 300 1.7131 300 1.53374 1.38312 300 300 2.34057 300 400.132 400.132 300 1.49764 2.02242 1.53591 1.94255 1.56526 1.9461 1.44379 1.22897 400.132 1.34515 1.54373 1.11265 1.76592 1.50388 1.59589 2.1869 
300 300 400.132 1.881 1.50308 1.84345 400 1.17592 300 300 1.13128 300 1.97499 1.82749 1.54167 1.73631 300 2.16367 2.10805 1.5346 1.30493 400.132 1.38344 300 1.63166 300 1.53374 1.17542 300 300 1.91524 300 400.132 400.132 300 1.41303 1.8803 1.50553 1.8383 1.48351 1.28953 1.36788 1.06261 400.132 1.34515 1.4275 1.11265 1.54118 1.43395 1.51665 1.83241 
300 300 400.132 1.67274 1.45041 1.68526 400 1.08601 300 300 1.13128 300 1.74719 1.81322 1.39713 1.67727 300 1.73755 1.93257 1.32691 1.30493 400.132 1.38344 300 1.63166 300 1.53374 1.05317 300 300 1.63956 300 400.132 400.132 300 1.41303 1.27151 1.15437 1.81074 1.03753 1.28953 1.36788 1.06261 400.132 1.11955 1.25505 1.11265 1.29807 1.43395 1.48201 1.83241 
300 300 400.132 1.54863 1.3436 1.66554 400 0.685519 300 300 1.13128 300 1.74719 1.62411 1.39512 1.67727 300 1.67861 1.90343 1.21578 1.21299 400.132 1.29777 300 1.41268 300 1.2311 0.794607 300 300 1.31942 300 400.132 400.132 300 1.17993 1.27151 1.15437 1.45574 0.971558 1.28953 1.36788 1.06261 400.132 1.11955 1.1973 1.11265 1.25723 1.41372 1.40349 1.83241 
300 300 400.132 1.37836 1.10979 1.48445 400 0.685519 300 300 1.02171 300 1.5864 1.49614 1.39512 1.33946 300 1.51187 1.79218 1.01973 0.972201 400.132 1.14297 300 1.25845 300 0.861291 0.738619 300 300 1.31942 300 400.132 400.132 300 1.17993 1.11698 1.15437 1.26829 0.874785 1.25879 1.01706 1.06261 400.132 1.05182 1.1255 0.973339 1.20562 1.41372 0.863759 1.83241 
300 300 400.132 1.37836 1.10979 1.47277 400 0.685519 300 300 1.02168 300 1.5864 1.30718 1.39512 1.3078 300 1.51187 1.79218 1.01973 0.972201 400.132 1.14297 300 1.10093 300 0.861289 0.623836 300 300 1.28376 300 400.132 400.132 300 1.17993 1.11698 1.15437 1.26823 0.874783 1.21764 1.01706 1.06261 400.132 0.903132 1.1255 0.973338 1.17386 1.41372 0.86316 1.83241 
