56.0132 63.1389 64.7631 62.9644 58.9399 49.4923 52.6595 60.9534 69.0562 57.3159 58.188 50.4483 66.1679 60.6383 71.8357 67.5966 57.6744 56.0277 65.0594 53.4207 49.6501 61.5454 61.9384 67.6531 55.17 65.2219 66.9935 63.5182 56.5507 53.5271 70.8688 63.75 63.4566 51.9738 61.0652 51.3161 52.1627 72.8402 65.3115 59.6474 62.5295 65.7579 52.5693 76.3707 59.098 55.7669 56.4912 52.4793 58.5333 60.4847 72.4746 
51.5024 33.9892 59.3776 46.6228 50.2164 45.0006 52.6595 46.7261 54.2317 46.3342 56.6445 50.4483 57.3456 46.6998 52.6926 42.2665 33.07 56.0277 51.1589 34.963 46.8226 35.9974 53.881 56.3637 47.768 51.5658 54.9918 39.9106 41.6764 53.5271 51.2416 38.0683 42.4887 51.9738 50.0679 43.2733 45.1813 46.4752 29.3288 53.3352 35.8055 61.2306 49.4756 44.9111 48.8049 40.6314 41.9117 37.059 46.9848 52.2635 49.8227 
43.1442 33.9892 49.6655 46.6228 45.1839 43.6902 42.4285 45.0891 39.967 46.3342 54.4117 48.5837 56.4898 38.7002 43.6777 38.9936 33.07 49.0571 51.1589 34.963 40.0327 35.9974 42.0128 48.695 47.768 48.6583 45.646 39.9106 41.6764 47.5432 40.6987 35.0983 42.4887 51.9738 33.2656 43.2733 45.1813 29.1382 29.3288 45.6582 35.8055 50.479 49.4756 44.9111 42.2702 40.6314 41.9117 37.059 37.5816 52.2635 37.2899 
38.0511 33.9892 24.6691 44.0624 40.1746 31.748 39.1778 38.5617 29.7344 46.3342 41.7221 45.3125 40.5204 30.271 32.723 35.7549 30.7157 35.7954 47.9984 32.6402 37.0523 31.6576 35.2049 39.6985 46.8375 40.7052 24.8753 39.3316 41.6764 27.2575 36.7512 34.9442 40.062 47.3483 33.2656 43.2733 21.8226 29.1382 29.3288 21.0282 30.8675 31.9263 33.0172 44.9111 41.1028 30.9439 33.3343 26.6001 37.5816 34.933 35.6366 
27.6 32.4986 24.6691 27.9211 38.903 31.748 26.8225 22.2107 23.8548 22.6145 33.0859 27.0508 30.3344 30.271 18.0398 32.9176 27.9463 28.7419 30.3859 26.2171 35.0995 29.6981 29.7517 25.0175 24.7879 20.0143 24.8753 27.7806 31.6131 22.2216 32.0424 26.7438 26.8314 25.9975 20.6017 32.9456 21.8226 26.6768 29.3288 19.7956 25.1141 31.9263 31.1471 30.9951 30.5164 30.9439 33.3343 26.6001 26.4647 27.0094 35.4618 
14.062 17.8893 12.1041 20.8184 21.6919 13.9153 11.8195 17.412 18.3524 14.9046 15.1544 20.6427 19.4597 17.2929 14.2502 21.2789 17.4862 18.9349 18.8608 20.3668 11.9584 15.5778 20.6063 17.4052 17.0501 14.0023 16.0149 9.35757 19.8982 19.3077 16.0426 14.3373 17.1738 19.7424 15.2255 14.8028 15.7082 20.0337 13.0741 19.5085 12.3606 11.0179 21.6499 20.2682 17.6416 10.2972 20.4462 13.7857 11.2321 19.9838 14.0015 
10.9804 13.8264 11.6433 11.3081 10.8235 6.7966 5.19661 8.99183 14.223 8.51026 11.1223 10.1964 9.69855 10.5296 12.7906 9.9594 10.9995 13.5646 7.27653 9.18209 10.5352 9.13175 9.17312 9.04159 12.8221 10.087 8.93851 4.083 10.5113 9.21115 10.8393 6.74429 12.2416 10.0498 5.94246 9.34785 7.57914 8.13851 8.64843 9.97513 8.5054 7.51255 9.76509 9.19442 10.4594 6.17463 10.4373 8.06957 10.6791 15.6114 8.11621 
7.06873 5.38546 3.34601 8.71128 5.48326 5.7217 4.92143 4.61017 5.92334 7.87864 3.84906 9.69134 6.67751 5.63629 6.9525 2.46158 4.96809 6.05381 5.54901 7.47451 6.28274 6.32327 7.78584 4.64372 9.23353 9.33395 7.58969 3.87455 7.06992 6.28149 4.91971 1.5826 6.27926 5.74795 4.75919 6.44314 5.71346 5.33936 7.42759 9.66303 6.18374 4.56117 7.15756 4.65698 3.57086 4.6468 7.12504 4.63093 7.75161 6.07902 3.40375 
3.50925 1.9085 1.57071 2.92749 2.65068 1.36165 3.23737 2.4108 2.2959 3.96205 2.31376 3.35385 4.50085 4.63724 4.13052 0.605948 1.80189 1.38043 3.33301 2.09177 3.37718 4.81239 0.936449 1.63334 4.49315 4.60106 2.89773 2.62828 2.29899 2.68017 3.35363 0.35543 6.02432 3.33073 3.24451 3.37746 2.52414 3.77007 1.88634 3.05508 2.02953 2.85114 3.19023 3.22122 1.25556 3.53072 3.53134 1.59801 3.32645 3.16918 2.65035 
0.170177 0.0774967 0.234616 1.08051 0.124373 0.0387076 0.229104 0.671889 0.05634 0.350846 0.130394 0.231195 0.169929 0.303641 0.224876 0.0363814 0.0967369 0.170125 0.406246 0.0591468 0.493076 0.143973 0.011337 0.0748091 1.18424 0.408115 0.0687058 0.164279 0.133872 0.0847202 0.102755 0.0186087 0.636296 0.179227 0.101185 0.277784 0.137384 1.21258 0.111712 0.165504 0.116991 0.1152 0.422957 0.287287 0.101739 0.208633 0.342917 0.0375506 0.155836 0.346369 0.217183 
0.00205688 0.000157629 0.000521984 2.16795e-05 9.48449e-05 6.54389e-06 0.000212819 0.000124989 7.453e-05 0.000496114 0.000364207 0.000133533 0.000800857 0.00110595 0.00106733 0.000100678 0.00105053 7.44427e-05 0.00013118 4.36453e-05 0.00204942 0.00146069 2.86164e-06 0.00012752 0.000864981 0.000510893 0.000138527 0.000394509 2.21636e-05 5.44241e-05 3.68244e-05 1.22421e-06 0.00466566 0.000196638 1.40306e-05 0.000133469 2.93656e-07 0.0003264 2.86493e-05 0.00342604 0.000159135 5.7875e-05 0.000887991 0.000323502 5.11076e-05 0.000218327 0.000870178 2.5774e-06 0.00149597 1.23294e-06 0.000454813 
0 0 0 0 0 0 0 0 0 0 0 0 0 0 0 0 0 0 0 0 0 0 0 0 0 0 0 0 0 0 0 0 0 0 0 0 0 0 0 0 0 0 0 0 0 0 0 0 0 0 0 
0 0 0 0 0 0 0 0 0 0 0 0 0 0 0 0 0 0 0 0 0 0 0 0 0 0 0 0 0 0 0 0 0 0 0 0 0 0 0 0 0 0 0 0 0 0 0 0 0 0 0 
0 0 0 0 0 0 0 0 0 0 0 0 0 0 0 0 0 0 0 0 0 0 0 0 0 0 0 0 0 0 0 0 0 0 0 0 0 0 0 0 0 0 0 0 0 0 0 0 0 0 0 
