168922 260058 172950 194954 333835 57256.6 155466 244835 317205 403638 464591 189354 116102 281574 316832 143929 54715 39420.5 81348.2 198908 212333 125764 308143 118511 167068 195926 118829 117630 304584 124771 263306 195955 211422 210276 54942.9 221040 219591 350164 147633 168564 184947 257109 195877 179636 195355 158303 106520 196680 314144 248906 487517 
11246.9 14003 10017.8 19652.4 10740.9 11271.8 5545.13 11594.2 15572.8 16444.2 5829.68 11712.5 8368.59 6945.46 11732.5 4412.53 11539.7 4509.87 1755.54 3994.81 19486.7 1230.16 13928.8 5927.23 8248.17 11215.8 15925.1 2225.3 4036.54 16406.5 39199.3 11968.3 3995.16 14235.1 1008.25 5278.57 14593.7 12756.1 6752.98 4635.48 7968.26 18067.9 14600.7 9856.05 14626.9 4084.99 1372.13 11569.6 10718 9950.01 7387.23 
1027.12 734.477 487.767 938.355 797.115 699.419 503.33 815.429 740.836 1182.32 853.004 770.771 950.974 510.78 771.151 839.796 1140.29 1040.15 595.217 761.429 1551.98 768.293 1599.39 1108.3 1154.57 1474.94 1086.25 1688.11 337.131 740.052 908.887 1359.22 412.389 863.285 342.591 1102.22 869.272 1170.38 941.908 730.645 751.217 618.957 1387.39 621.738 1606.37 1487.57 923.054 644.439 410.152 988.2 256.392 
43.5509 45.4298 37.2752 41.6332 58.2981 36.0509 58.2576 41.6496 46.875 50.5204 58.8862 48.9869 44.8232 30.4567 53.0619 46.3436 55.1836 40.4541 39.0721 40.4489 50.4558 42.472 54.8924 72.6385 43.5114 47.008 40.0764 61.6071 42.9791 58.7919 58.6814 66.8866 48.1291 31.2071 48.2498 53.6612 43.6768 41.8416 31.8006 46.429 45.3491 35.1088 46.5508 43.4629 44.939 50.6941 46.4479 55.2986 36.3232 39.276 44.9416 
19.9002 20.1551 19.091 20.1613 18.9454 17.5329 17.7474 18.3669 17.9319 19.6899 19.2721 17.3933 16.8156 20.166 19.2626 17.0683 17.3958 19.3916 18.3429 17.5523 18.4664 19.5337 16.2302 18.4788 15.7075 19.1933 18.6979 19.4064 19.7145 18.4131 18.2465 20.0672 18.4357 18.6965 16.5061 18.3689 17.7098 18.8272 17.8661 17.1417 17.8655 18.7495 18.8206 20.3923 19.4543 16.0088 16.1271 15.9777 19.284 19.6726 19.0839 
14.9871 15.6741 13.5997 15.0683 15.3652 16.1659 14.7724 16.1847 13.6471 15.7931 14.9993 16.5073 16.2522 15.3834 15.2821 13.7684 16.3607 16.9704 17.149 15.0782 16.2885 15.6476 16.0159 15.7909 15.7075 16.6074 15.9842 14.9447 16.6684 13.7561 14.7635 15.3124 16.1719 15.6407 14.9613 15.5044 16.767 16.3468 15.033 16.9172 16.6584 15.526 14.2434 15.3617 15.1207 15.7089 16.0356 15.4693 15.7629 15.9263 16.2329 
14.9691 13.1613 13.5997 13.2424 13.7734 14.4316 14.2084 13.4103 12.6468 13.1958 13.2145 14.4969 13.4828 15.0076 12.838 13.7684 14.5268 10.8736 14.4285 15.0782 15.4481 14.9446 14.5511 14.39 13.2872 13.1059 15.6116 12.3638 12.7538 13.7561 13.7898 13.2042 13.6163 13.9294 12.4263 12.7583 14.1568 13.7204 12.6279 14.8718 14.4726 14.7685 14.0408 14.1801 12.5773 12.9184 13.0904 14.3607 13.6031 12.3088 14.0478 
12.1212 12.3379 11.6656 10.8925 11.2893 12.5103 12.3449 8.04898 12.0301 11.2072 10.4844 11.5778 10.7106 11.8109 11.3767 10.9251 12.179 10.454 11.021 11.9777 11.7351 10.7788 11.5764 9.21582 11.9372 12.7302 12.6847 11.8293 11.0832 11.8711 11.7371 11.127 10.7784 11.3035 11.8193 12.4625 11.4749 9.84495 11.3926 11.7227 11.7634 13.2337 11.262 10.9448 11.1986 10.3124 11.0512 11.5412 11.4142 11.9584 10.2735 
10.4746 10.4588 10.1559 8.34251 8.08199 11.3119 11.5251 7.63052 9.27451 10.1338 9.95616 9.69454 10.2901 10.1974 7.52451 10.1151 10.296 10.0473 9.86874 11.3053 10.634 9.94554 11.1244 8.60884 10.174 10.6933 10.7399 9.29908 7.90836 10.6025 10.1002 10.2089 9.54798 9.27908 10.454 10.9082 9.29487 8.83716 9.45128 10.3992 10.5927 11.8863 9.63342 9.59508 10.4547 9.84833 10.047 11.0991 8.8174 10.0003 9.85221 
9.14315 9.53565 8.72879 7.3764 7.4603 9.10703 9.44672 5.61867 8.44425 8.66431 7.88064 7.12211 9.34193 9.48847 6.62386 5.89808 9.12093 9.46287 8.74552 9.21416 9.28321 8.45367 9.43176 8.14343 7.23871 8.06382 7.15141 9.09298 6.97705 8.242 8.71411 7.86122 6.12475 8.672 6.77157 9.12383 8.11496 7.95196 6.75748 7.15113 8.73449 8.96902 8.97425 7.23525 9.10056 8.49464 7.4703 9.62863 8.80231 9.41878 7.82679 
6.60501 4.45521 6.48651 6.03372 4.96407 8.06026 6.67817 5.0189 6.5653 6.8237 6.65155 5.68908 7.20086 6.23013 4.24006 5.24461 7.304 8.48027 6.41448 6.09634 6.99939 6.29504 6.08227 6.40673 5.63091 5.4843 5.27299 6.24649 6.24132 5.43637 5.99883 6.32489 5.09476 6.00147 6.01808 5.85741 4.94744 5.10311 4.71239 6.0812 5.9848 5.06286 5.20481 6.01383 6.44132 6.0871 5.25885 6.92304 6.94907 5.66456 5.94628 
5.4374 4.11905 4.14311 4.38423 4.19078 5.43718 4.66042 3.84439 5.28319 4.13205 5.43396 3.7767 4.34169 4.63097 3.61606 4.00447 4.45238 5.15973 4.7495 3.54812 4.86722 4.95712 4.30335 3.86176 3.43197 4.5578 4.33547 4.38982 5.0099 4.09399 4.73886 4.75746 3.69323 4.06648 4.37617 3.84788 3.3298 4.46126 3.98275 4.44802 4.6336 3.67075 4.21738 4.51036 4.26525 4.10521 4.4283 3.56277 4.5084 4.85788 4.18611 
3.55369 3.59605 3.20538 3.29512 2.91627 3.36501 3.31486 2.84872 3.42389 3.30863 3.63325 3.02315 3.61608 2.84199 3.14689 3.06685 3.19612 3.48766 3.18268 2.80983 3.31503 3.48332 3.63345 2.84324 2.74806 2.92594 3.30979 3.34696 2.66852 2.38852 3.28743 3.4209 2.97159 2.69586 3.42004 3.34793 2.60025 3.38726 2.77481 3.14972 3.47457 3.11148 2.84933 3.02601 3.27374 2.75829 2.83506 2.4209 3.47174 3.04696 2.95033 
2.05749 2.16543 2.07293 1.94425 1.48416 1.51556 2.04828 1.94479 2.24115 2.0611 2.09593 2.02197 1.78732 1.41691 1.90174 1.6745 1.66359 2.33576 2.20578 2.0554 1.87834 1.6742 1.54436 1.6783 1.82601 1.61771 1.64734 2.28 1.57583 1.5272 1.93232 2.16082 1.86864 1.77302 1.84649 2.08979 2.10932 2.09888 1.44671 1.6038 1.42405 2.26158 1.73291 1.61237 2.12573 1.31933 1.44891 1.61856 1.68102 2.172 1.8217 
