557.432 569.954 585.455 555.442 565.539 572.118 491.939 542.616 662.087 567.854 620.957 551.204 631.838 566.719 556.428 575.979 507.273 634.625 601.678 472.022 531.025 559.083 471.058 512.072 619.217 522.708 543.019 606.387 529.326 519.576 527.249 566.135 597.581 594.605 518.044 548.63 566.755 603.337 518.555 565.584 580.283 586.274 611.418 545.494 446.792 574.435 652.505 554.808 565.402 609.882 638.691 
419.693 430.071 409.608 407.169 421.988 440.755 457.989 409.9 399.816 438.871 395.243 430.101 414.577 429.9 402.291 394.475 420.316 465.892 410.988 384.723 441.768 440.014 446.101 418.879 386.869 428.584 432.779 412.04 429.953 431.061 398.843 424.723 404.576 428.41 394.169 405.146 410.913 424.187 377.858 427.611 402.478 419.916 434.406 423.262 409.375 421.043 417.105 413.946 412.237 402.621 434.679 
368.888 364.73 362.272 357.546 355.627 363.513 360.876 353.063 368.818 360.999 365.091 369.174 358.414 381.779 348.771 357.535 347.915 373.848 351.482 357.234 368.386 365.802 363.948 370.728 360.427 361.032 369.059 356.565 355.991 364.427 363.313 363.186 362.685 374.663 353.316 381.811 363.011 361.714 360.024 362.994 364.716 354.999 369.439 359.962 366.953 357.453 360.903 358.857 364.138 362.211 366.055 
326.917 323.102 327.487 325.044 327.923 326.981 325.623 326.067 326.805 324.021 328.309 330.109 327.375 328.793 328.078 326.435 327.017 328.229 329.685 324.182 326.949 327.383 325.685 327.614 325.434 323.482 326.268 326.033 326.393 329.809 325.328 326.169 323.954 328.366 323.931 325.717 323.76 326.035 325.832 326.388 328.71 324.094 326.208 325.855 325.494 324.742 327.991 325.487 327.841 325.053 327.262 
315.508 315.566 315.481 315.444 315.606 315.521 315.551 315.49 315.53 315.636 315.438 315.613 315.648 315.543 315.493 315.599 315.497 315.601 315.597 315.481 315.495 315.471 315.585 315.551 315.499 315.495 315.69 315.481 315.671 315.494 315.587 315.529 315.5 315.593 315.586 315.608 315.537 315.65 315.556 315.535 315.446 315.581 315.507 315.506 315.538 315.549 315.624 315.511 315.555 315.455 315.591 
315.244 315.244 315.244 315.244 315.244 315.244 315.244 315.244 315.244 315.244 315.244 315.244 315.244 315.244 315.244 315.244 315.244 315.244 315.244 315.244 315.244 315.244 315.244 315.244 315.244 315.244 315.244 315.244 315.244 315.244 315.244 315.244 315.244 315.244 315.244 315.244 315.244 315.244 315.244 315.244 315.244 315.244 315.244 315.244 315.244 315.244 315.244 315.244 315.244 315.244 315.244 
315.244 315.244 315.244 315.244 315.244 315.244 315.244 315.244 315.244 315.244 315.244 315.244 315.244 315.244 315.244 315.244 315.244 315.244 315.244 315.244 315.244 315.244 315.244 315.244 315.244 315.244 315.244 315.244 315.244 315.244 315.244 315.244 315.244 315.244 315.244 315.244 315.244 315.244 315.244 315.244 315.244 315.244 315.244 315.244 315.244 315.244 315.244 315.244 315.244 315.244 315.244 
315.244 315.244 315.244 315.244 315.244 315.244 315.244 315.244 315.244 315.244 315.244 315.244 315.244 315.244 315.244 315.244 315.244 315.244 315.244 315.244 315.244 315.244 315.244 315.244 315.244 315.244 315.244 315.244 315.244 315.244 315.244 315.244 315.244 315.244 315.244 315.244 315.244 315.244 315.244 315.244 315.244 315.244 315.244 315.244 315.244 315.244 315.244 315.244 315.244 315.244 315.244 
315.244 315.244 315.244 315.244 315.244 315.244 315.244 315.244 315.244 315.244 315.244 315.244 315.244 315.244 315.244 315.244 315.244 315.244 315.244 315.244 315.244 315.244 315.244 315.244 315.244 315.244 315.244 315.244 315.244 315.244 315.244 315.244 315.244 315.244 315.244 315.244 315.244 315.244 315.244 315.244 315.244 315.244 315.244 315.244 315.244 315.244 315.244 315.244 315.244 315.244 315.244 
315.244 315.244 315.244 315.244 315.244 315.244 315.244 315.244 315.244 315.244 315.244 315.244 315.244 315.244 315.244 315.244 315.244 315.244 315.244 315.244 315.244 315.244 315.244 315.244 315.244 315.244 315.244 315.244 315.244 315.244 315.244 315.244 315.244 315.244 315.244 315.244 315.244 315.244 315.244 315.244 315.244 315.244 315.244 315.244 315.244 315.244 315.244 315.244 315.244 315.244 315.244 
315.244 315.244 315.244 315.244 315.244 315.244 315.244 315.244 315.244 315.244 315.244 315.244 315.244 315.244 315.244 315.244 315.244 315.244 315.244 315.244 315.244 315.244 315.244 315.244 315.244 315.244 315.244 315.244 315.244 315.244 315.244 315.244 315.244 315.244 315.244 315.244 315.244 315.244 315.244 315.244 315.244 315.244 315.244 315.244 315.244 315.244 315.244 315.244 315.244 315.244 315.244 
315.244 315.244 315.244 315.244 315.244 315.244 315.244 315.244 315.244 315.244 315.244 315.244 315.244 315.244 315.244 315.244 315.244 315.244 315.244 315.244 315.244 315.244 315.244 315.244 315.244 315.244 315.244 315.244 315.244 315.244 315.244 315.244 315.244 315.244 315.244 315.244 315.244 315.244 315.244 315.244 315.244 315.244 315.244 315.244 315.244 315.244 315.244 315.244 315.244 315.244 315.244 
315.244 315.244 315.244 315.244 315.244 315.244 315.244 315.244 315.244 315.244 315.244 315.244 315.244 315.244 315.244 315.244 315.244 315.244 315.244 315.244 315.244 315.244 315.244 315.244 315.244 315.244 315.244 315.244 315.244 315.244 315.244 315.244 315.244 315.244 315.244 315.244 315.244 315.244 315.244 315.244 315.244 315.244 315.244 315.244 315.244 315.244 315.244 315.244 315.244 315.244 315.244 
315.244 315.244 315.244 315.244 315.244 315.244 315.244 315.244 315.244 315.244 315.244 315.244 315.244 315.244 315.244 315.244 315.244 315.244 315.244 315.244 315.244 315.244 315.244 315.244 315.244 315.244 315.244 315.244 315.244 315.244 315.244 315.244 315.244 315.244 315.244 315.244 315.244 315.244 315.244 315.244 315.244 315.244 315.244 315.244 315.244 315.244 315.244 315.244 315.244 315.244 315.244 
