5.76983e+09 5.25683e+09 4.81069e+09 5.56981e+09 4.7233e+09 5.58841e+09 5.41075e+09 5.73307e+09 4.07189e+09 5.51841e+09 3.39786e+09 5.00665e+09 5.07131e+09 6.34227e+09 4.62595e+09 4.79898e+09 5.42818e+09 2.96796e+09 5.93139e+09 4.16425e+09 4.74726e+09 5.63179e+09 5.98957e+09 4.92629e+09 4.96327e+09 6.09772e+09 5.80496e+09 4.36997e+09 6.30435e+09 5.72104e+09 4.62251e+09 5.48961e+09 5.41959e+09 5.33392e+09 4.85559e+09 5.46455e+09 4.66445e+09 4.86237e+09 5.70725e+09 4.63936e+09 5.80174e+09 5.51787e+09 5.06895e+09 5.48518e+09 6.46795e+09 6.02847e+09 4.47595e+09 5.56934e+09 4.05227e+09 7.00872e+09 4.89652e+09 
3.05474e+09 2.60563e+09 2.6769e+09 2.73051e+09 3.24303e+09 2.06263e+09 3.43283e+09 2.73965e+09 2.64835e+09 2.74593e+09 2.98761e+09 2.23219e+09 3.02679e+09 1.75626e+09 2.67639e+09 2.71293e+09 2.93146e+09 2.39332e+09 2.45217e+09 2.75673e+09 2.67777e+09 3.14867e+09 2.78154e+09 2.82503e+09 2.50909e+09 2.39922e+09 2.306e+09 2.43325e+09 2.68839e+09 2.47535e+09 2.40318e+09 3.00347e+09 2.98442e+09 3.25501e+09 2.83953e+09 3.39655e+09 3.06766e+09 3.00849e+09 2.4423e+09 2.57011e+09 2.74899e+09 2.8181e+09 2.99078e+09 2.97099e+09 2.54224e+09 3.19865e+09 2.66909e+09 3.087e+09 2.95591e+09 3.09092e+09 2.67018e+09 
1.77413e+09 1.39265e+09 1.46803e+09 1.6736e+09 1.81132e+09 1.84024e+09 1.97241e+09 1.58308e+09 1.42941e+09 1.65934e+09 1.39863e+09 1.68905e+09 1.76983e+09 1.44502e+09 1.46837e+09 1.88971e+09 1.57958e+09 1.59802e+09 1.74421e+09 1.56095e+09 1.43633e+09 1.71576e+09 1.81811e+09 1.46913e+09 1.62807e+09 1.75022e+09 1.87438e+09 1.73544e+09 1.65879e+09 1.72396e+09 1.63173e+09 1.60445e+09 1.44751e+09 1.38828e+09 1.67518e+09 1.73613e+09 1.58528e+09 1.73545e+09 1.89063e+09 1.3695e+09 1.55921e+09 1.91868e+09 1.68853e+09 1.66516e+09 1.74596e+09 1.21927e+09 1.67207e+09 1.67361e+09 1.89301e+09 1.77912e+09 1.68504e+09 
6.58786e+08 5.78423e+08 6.08635e+08 4.69667e+08 6.32092e+08 5.04972e+08 5.85947e+08 6.08387e+08 5.70276e+08 6.17538e+08 6.96806e+08 6.52907e+08 5.96244e+08 5.34003e+08 5.39e+08 5.37495e+08 5.78374e+08 5.92317e+08 6.04068e+08 5.18162e+08 5.52602e+08 5.75236e+08 6.06633e+08 4.95758e+08 5.99351e+08 5.56765e+08 6.17504e+08 6.57837e+08 6.47852e+08 7.09235e+08 6.08193e+08 5.80323e+08 6.19797e+08 4.93936e+08 5.3667e+08 6.21383e+08 6.95734e+08 6.5177e+08 6.61399e+08 6.51147e+08 4.7613e+08 5.94886e+08 5.34645e+08 6.64382e+08 6.92972e+08 6.21814e+08 5.50677e+08 5.7155e+08 6.24834e+08 5.99632e+08 7.04035e+08 
7.39342e+07 6.46756e+07 5.54976e+07 6.35293e+07 5.58235e+07 6.45611e+07 6.77382e+07 6.11254e+07 6.58578e+07 8.45077e+07 6.38769e+07 5.84695e+07 6.6835e+07 5.49013e+07 5.87821e+07 5.24505e+07 6.84908e+07 5.25037e+07 6.27464e+07 6.0868e+07 6.85205e+07 5.76166e+07 6.26948e+07 8.31929e+07 6.84667e+07 6.61766e+07 6.95417e+07 6.75511e+07 6.06775e+07 7.60642e+07 6.14524e+07 5.35194e+07 5.97801e+07 4.8592e+07 6.50103e+07 5.28015e+07 6.36419e+07 6.87018e+07 6.79277e+07 6.2723e+07 5.24829e+07 6.48669e+07 5.68991e+07 5.9577e+07 6.2112e+07 5.23993e+07 6.40631e+07 6.57964e+07 5.60951e+07 6.17184e+07 7.07418e+07 
5.10877e+06 5.94765e+06 4.92347e+06 6.64765e+06 4.91025e+06 5.06276e+06 5.85124e+06 6.98633e+06 6.92975e+06 6.23044e+06 6.44109e+06 6.56065e+06 7.97431e+06 4.43407e+06 5.4173e+06 5.33193e+06 4.82157e+06 4.99496e+06 7.06609e+06 6.01727e+06 6.8433e+06 8.62481e+06 8.94523e+06 6.95786e+06 8.96837e+06 5.76134e+06 9.15001e+06 4.54652e+06 5.60348e+06 4.83072e+06 6.78616e+06 4.23035e+06 8.28636e+06 5.74404e+06 6.79853e+06 6.59553e+06 8.76323e+06 6.87215e+06 6.12087e+06 5.04867e+06 6.24998e+06 7.47114e+06 5.02474e+06 6.43362e+06 9.36893e+06 5.9084e+06 5.72171e+06 7.09754e+06 5.56823e+06 7.4727e+06 8.88985e+06 
1.73625e+06 1.98458e+06 1.52942e+06 2.30099e+06 2.16379e+06 1.35443e+06 2.27991e+06 2.82988e+06 2.35119e+06 1.93574e+06 2.23366e+06 1.7093e+06 2.49607e+06 1.44195e+06 1.32119e+06 1.47077e+06 1.18573e+06 1.49403e+06 2.03862e+06 2.22982e+06 2.29459e+06 3.13663e+06 3.84851e+06 1.52862e+06 2.78489e+06 1.54709e+06 2.92354e+06 1.63835e+06 1.34756e+06 1.43088e+06 2.14222e+06 1.30278e+06 2.51659e+06 1.95577e+06 2.14581e+06 1.54624e+06 2.49764e+06 1.53387e+06 1.60554e+06 1.38245e+06 2.54875e+06 2.11194e+06 2.20227e+06 2.63559e+06 3.28213e+06 1.79485e+06 1.7222e+06 3.1282e+06 1.89148e+06 2.3882e+06 2.38905e+06 
860836 1.10073e+06 920027 961298 1.35676e+06 670996 1.3598e+06 1.4608e+06 791174 902733 1.00098e+06 803411 994379 842344 885623 837350 737491 836586 823611 1.09237e+06 1.03058e+06 1.70269e+06 2.00554e+06 925480 1.60843e+06 620235 1.34003e+06 769096 723210 819530 1.18709e+06 731451 1.25312e+06 959763 1.10642e+06 801365 851956 1.16495e+06 862530 625915 1.354e+06 952941 1.22175e+06 1.22892e+06 1.46562e+06 1.09763e+06 901318 1.62656e+06 897496 1.53214e+06 1.60689e+06 
456875 663587 680460 683605 1.00293e+06 364732 891880 895734 470047 643676 649297 541854 620596 651274 606526 561958 505535 625870 533860 673208 682314 1.12545e+06 1.63268e+06 659552 1.11767e+06 421792 801932 525602 450244 517714 861610 548695 871740 564492 767351 590479 588417 754751 600002 407236 813449 494698 780432 693595 903306 696810 632945 1.09937e+06 617197 940490 871899 
289667 483959 517127 511713 853530 273039 682262 673273 390189 476153 530268 426635 472338 485324 479118 444161 447107 443684 403227 399435 414578 801840 1.2342e+06 573759 777395 288665 570953 431288 384226 406160 648720 450310 667856 424569 551269 465690 506634 560747 475727 297020 609279 319528 640870 524441 732303 538443 379363 795410 513264 690076 579229 
241089 392714 410764 357315 698578 214247 557418 524771 336910 368504 408177 338036 415832 363585 359128 342978 408526 332641 264085 251843 283251 559542 1.09272e+06 452957 602332 232358 427868 385159 338791 353641 549070 380746 587782 365847 415448 408743 420660 446402 417882 232366 482663 231195 488691 472006 571441 439656 313799 666234 375719 594563 419034 
197081 309683 362907 295942 570269 175055 488913 381481 254764 316492 339686 290580 338856 282729 300220 254384 365216 260341 193502 177419 218094 404407 974947 365628 474542 201360 365835 333324 283542 305161 454161 325304 522334 317301 298581 330238 346941 376619 372107 188910 397229 182643 423680 398467 455571 363084 258055 558841 264084 498775 345148 
134211 243120 308211 249373 420499 129587 392098 274965 176429 250407 251958 220317 265447 237522 263002 206898 298933 209447 150574 150350 193044 307294 741686 284996 362701 160900 305575 257753 203095 266710 362098 262635 432762 262560 207866 284981 260328 333320 332314 125187 313986 139868 353129 329698 377012 275697 230068 431638 165191 396383 251822 
79224.4 166509 203418 104799 302269 94805.7 236332 167520 139102 198834 144547 169279 193235 182534 172866 146395 197665 156399 112725 126760 158049 234156 588515 176531 275501 109042 213289 203159 135763 185162 288879 172093 319488 204285 149732 208431 180330 273218 273650 89591.5 216168 103326 238080 211895 208985 190895 158246 261536 101797 268793 197131 
