816.365 809.895 690.928 669.834 756.721 700.1 775.217 763.192 723.054 762.967 741.605 756.288 760.956 763.838 767.765 709.391 699.021 730.333 706.106 750.407 704.71 729.36 765.433 743.976 706.141 689.631 743.082 718.159 746.066 642.771 719.236 737.104 704.771 804.287 685.742 745.481 753.089 745.815 764.241 684.043 751.598 809.516 791.666 733.94 706.869 768.197 720.365 765.332 759.328 726.436 737.485 
556.63 572.016 541.103 503.694 585.108 507.332 528.909 559.829 549.845 596.65 505.321 549.437 585.744 544.803 564.29 526.05 558.647 503.951 549.069 562.104 554.124 596.814 541.367 532.217 551.07 536.95 566.069 573.746 532.147 543.467 547.241 531.632 579.76 550.373 527.074 577.485 538.01 567.053 540.564 547.54 538.462 571.143 540.523 572.596 561.629 564.934 583.647 579.957 560.416 572.365 569.38 
474.577 451.718 452.899 463.984 455.568 468.024 477.495 458.416 474.35 454.952 460.525 442.545 466.733 464.073 463.108 478.877 432.752 443.472 458.253 463.832 448.359 456.027 447.712 443.166 439.557 461.554 435.714 459.267 413.597 483.99 457.384 443.269 456.005 468.133 412.243 454.105 462.145 470.159 484.362 450.761 480.281 455.351 454.365 471.971 464.563 450.924 445.181 470.596 461.472 473.832 451.009 
319.134 332.416 320.092 326.489 336.35 339.588 315.127 329.222 321.401 331.355 331.157 326.921 339.775 328.8 334.657 327.81 331.034 339.424 339.701 324.478 338.148 324.475 338.658 308.225 330.021 341.639 320.257 341.387 331.498 316.208 325.148 338.151 330.177 329.56 329.074 325.149 312.853 342.751 338.42 335.596 329.81 332.66 325.036 325.448 327.292 334.835 324.724 325.858 327.429 336.04 305.972 
236.745 240.987 240.753 245.15 243.474 239.759 241.893 236.9 236.079 242.579 237.962 234.15 244.41 237.96 234.475 242.939 242.131 244.876 244.371 254.742 239.006 229.974 240.634 249.844 245.346 244.79 232.106 242.046 245.073 240.674 236.566 238.66 239.74 243.517 243.699 243.467 241.806 242.022 236.62 245.835 238.538 238.134 233.01 247.595 241.433 238.218 252.379 241.491 241.153 235.894 239.271 
200.57 200.716 200.588 200.91 200.822 200.665 200.844 200.503 200.613 200.833 200.624 200.432 200.735 200.703 200.521 200.637 200.896 200.665 201.536 201.249 200.668 200.432 200.635 201.02 201.099 200.85 200.456 200.69 201.037 200.691 200.54 200.742 200.657 200.778 200.961 200.895 200.738 200.75 200.512 200.824 200.687 200.454 200.504 200.964 200.863 200.495 201.006 200.723 200.711 200.409 200.606 
200.003 200.004 200.004 200.006 200.004 200.004 200.005 200.003 200.004 200.004 200.003 200.002 200.004 200.004 200.003 200.004 200.005 200.004 200.008 200.006 200.004 200.002 200.004 200.005 200.006 200.005 200.002 200.004 200.005 200.004 200.003 200.004 200.003 200.004 200.006 200.004 200.004 200.004 200.003 200.004 200.004 200.003 200.003 200.007 200.005 200.003 200.005 200.003 200.004 200.003 200.004 
200 200 200 200 200 200 200 200 200 200 200 200 200 200 200 200 200 200 200 200 200 200 200 200 200 200 200 200 200 200 200 200 200 200 200 200 200 200 200 200 200 200 200 200 200 200 200 200 200 200 200 
200 200 200 200 200 200 200 200 200 200 200 200 200 200 200 200 200 200 200 200 200 200 200 200 200 200 200 200 200 200 200 200 200 200 200 200 200 200 200 200 200 200 200 200 200 200 200 200 200 200 200 
200 200 200 200 200 200 200 200 200 200 200 200 200 200 200 200 200 200 200 200 200 200 200 200 200 200 200 200 200 200 200 200 200 200 200 200 200 200 200 200 200 200 200 200 200 200 200 200 200 200 200 
200 200 200 200 200 200 200 200 200 200 200 200 200 200 200 200 200 200 200 200 200 200 200 200 200 200 200 200 200 200 200 200 200 200 200 200 200 200 200 200 200 200 200 200 200 200 200 200 200 200 200 
200 200 200 200 200 200 200 200 200 200 200 200 200 200 200 200 200 200 200 200 200 200 200 200 200 200 200 200 200 200 200 200 200 200 200 200 200 200 200 200 200 200 200 200 200 200 200 200 200 200 200 
200 200 200 200 200 200 200 200 200 200 200 200 200 200 200 200 200 200 200 200 200 200 200 200 200 200 200 200 200 200 200 200 200 200 200 200 200 200 200 200 200 200 200 200 200 200 200 200 200 200 200 
200 200 200 200 200 200 200 200 200 200 200 200 200 200 200 200 200 200 200 200 200 200 200 200 200 200 200 200 200 200 200 200 200 200 200 200 200 200 200 200 200 200 200 200 200 200 200 200 200 200 200 
