45698.4 32531.2 37887.7 37679.2 29452.7 32494.8 25138.3 12194.6 11119 27498.3 55756.9 45384.7 29592.4 40111 29811.2 18946.3 32944.9 26590.7 41814.7 18907.2 41319.6 44244.3 38036.3 27264.1 27991 48685.9 24872.4 30858.7 20802.7 17879.2 29674.7 33760.3 29955 31750.6 41271.9 21362.7 18995.3 39106.5 11627.4 63136.9 46188.3 45223 47833.8 35550.9 35120.8 35345.2 41356.6 40133.9 41221.3 20307.9 51135.6 
14634.1 13902.6 20458.6 22909 27686.8 15345.5 6077.35 12194.6 11119 16192.9 19959.1 20544.2 10263.8 19718.8 12198 16178.1 23209 21174.6 9535.74 18907.2 19415.4 12822.6 23603.7 17888.2 15552.2 11046.9 17441.6 20149.1 15232.3 17591.1 13510.4 8850.5 16562.7 10952.2 29930 10125.6 18995.3 14150.1 11627.4 18392.2 22775.8 6784.16 14957.5 19734.9 7477.88 15526.1 15076.3 24357.5 7879.47 17235.1 20329.1 
9156.26 5767.23 13607.3 6241.33 6619.34 9187.65 6077.35 4197.44 7208.05 5265.22 5990.38 8039.78 8570.37 6948.76 7503.75 7624.84 12630.2 7797 4844.57 6852.44 7911.47 5890.81 3161.18 6036.72 7506.11 10887.3 9035.49 3410.52 3983.18 8814.52 5682.84 8850.5 8401.36 7331.07 10096 9130.69 7112.81 4325.42 5672.33 4903.08 10462.6 4631.45 11839.6 7348.23 3270.59 4352.91 3820.23 15680.6 4352.31 4717.81 6053.45 
1163.3 738.781 662.437 823.005 1311.32 686.031 1286.33 975.208 1155.53 1054.19 811.845 425.502 1095.82 1036.42 565.886 1077.66 555.315 867.204 508.397 606.904 831.492 651.045 518.111 803.525 157.034 463.984 904.416 890.353 695.091 1150.58 751.021 1209.48 1374.71 819.759 665.66 801.003 749.119 1204.21 568.158 1210.92 562.884 772.033 933.181 759.455 685.583 646.883 957.482 840.66 499.129 360.818 557.52 
2.45629 2.49895 2.24841 2.55961 3.89296 3.42451 4.09593 1.55778 5.848 3.40019 5.03665 1.31963 4.69042 2.45931 1.15034 3.42504 3.89664 3.25014 3.37778 1.89917 2.88586 4.91567 2.17702 3.79637 3.68599 6.48811 1.9493 2.77161 6.40532 2.1981 2.55219 3.92449 4.47178 2.06254 4.57486 4.26038 2.45917 2.75193 2.41218 5.9733 3.65365 2.191 3.34511 3.69292 1.49662 4.02966 3.6513 6.42797 1.40083 4.19883 0.956036 
3.18711e-05 1.82433e-05 1.45876e-05 9.04018e-06 1.06024e-05 2.00527e-05 2.97939e-05 8.73272e-06 1.49111e-05 1.94605e-05 3.38944e-05 5.92154e-06 1.63835e-05 2.82842e-05 1.35297e-05 4.45021e-05 1.47087e-05 6.37471e-06 4.57348e-06 1.41683e-05 1.32652e-05 1.68281e-05 5.57015e-06 8.56147e-06 1.45378e-05 3.72542e-05 2.37427e-05 1.05088e-05 1.42755e-05 2.13319e-05 1.65011e-05 2.23591e-05 1.46051e-05 5.91525e-06 1.42463e-05 1.31207e-05 1.6064e-05 9.93484e-06 1.1208e-05 2.81355e-05 1.63226e-05 2.39498e-05 1.17819e-05 3.89986e-06 1.58847e-05 9.14207e-06 1.78081e-05 2.67171e-05 1.01522e-05 7.76148e-06 8.80868e-06 
0 0 0 0 0 0 0 0 0 0 0 0 0 0 0 0 0 0 0 0 0 0 0 0 0 0 0 0 0 0 0 0 0 0 0 0 0 0 0 0 0 0 0 0 0 0 0 0 0 0 0 
0 0 0 0 0 0 0 0 0 0 0 0 0 0 0 0 0 0 0 0 0 0 0 0 0 0 0 0 0 0 0 0 0 0 0 0 0 0 0 0 0 0 0 0 0 0 0 0 0 0 0 
0 0 0 0 0 0 0 0 0 0 0 0 0 0 0 0 0 0 0 0 0 0 0 0 0 0 0 0 0 0 0 0 0 0 0 0 0 0 0 0 0 0 0 0 0 0 0 0 0 0 0 
0 0 0 0 0 0 0 0 0 0 0 0 0 0 0 0 0 0 0 0 0 0 0 0 0 0 0 0 0 0 0 0 0 0 0 0 0 0 0 0 0 0 0 0 0 0 0 0 0 0 0 
0 0 0 0 0 0 0 0 0 0 0 0 0 0 0 0 0 0 0 0 0 0 0 0 0 0 0 0 0 0 0 0 0 0 0 0 0 0 0 0 0 0 0 0 0 0 0 0 0 0 0 
0 0 0 0 0 0 0 0 0 0 0 0 0 0 0 0 0 0 0 0 0 0 0 0 0 0 0 0 0 0 0 0 0 0 0 0 0 0 0 0 0 0 0 0 0 0 0 0 0 0 0 
0 0 0 0 0 0 0 0 0 0 0 0 0 0 0 0 0 0 0 0 0 0 0 0 0 0 0 0 0 0 0 0 0 0 0 0 0 0 0 0 0 0 0 0 0 0 0 0 0 0 0 
0 0 0 0 0 0 0 0 0 0 0 0 0 0 0 0 0 0 0 0 0 0 0 0 0 0 0 0 0 0 0 0 0 0 0 0 0 0 0 0 0 0 0 0 0 0 0 0 0 0 0 
