4555.46 4519.35 4545.35 4554.63 4408.77 4336.99 4448.28 4422.65 4444.94 4598.94 4424.23 4596.88 4567.71 4648.08 4543.53 4525.91 4561.02 4663.93 4570.93 4351.89 4538.41 4602.25 4447.98 4630.4 4431.23 4631.68 4541.12 4559.76 4327.83 4597.91 4445.63 4499.17 4438.27 4482.02 4510.6 4507.44 4617.74 4505.11 4561.46 4326.12 4419.5 4526.47 4505.31 4494.82 4606.11 4517.11 4393.18 4356.43 4552.67 4505.68 4462.16 
3977.2 3903.09 3770.87 3995.76 3930.7 3718.54 3959.75 3956.42 4004.86 3997.13 3982.95 4090.63 4023.87 4031.02 3988.8 3821.05 4003.4 3681.94 3902.7 3933.66 4078.12 3990.93 3910.98 3985.17 3878.14 4014.33 4069.07 3888.2 3907.73 4005.69 3827.55 4013.1 4047.88 3902.71 3905.67 3973.83 3976.48 3888.95 3928.19 3967.43 3954.14 3920.49 3918.34 3937.56 4008.15 3927.94 3892.86 3955.97 4019.04 3915.82 3999.09 
3743.68 3557.06 3645.99 3718.22 3588.96 3545.38 3383.4 3529.35 3697.09 3531.56 3487.83 3628.09 3599.6 3468.25 3597.28 3464.32 3465.59 3624.33 3619.82 3576.33 3708.7 3554.22 3481.48 3554.2 3491.12 3611.24 3700.63 3651.18 3574.05 3572.83 3648.19 3548.52 3608.35 3615.95 3592.18 3623.8 3585.23 3531.06 3608.2 3508.25 3625.8 3497.43 3715.43 3702.27 3562.41 3563.86 3606.1 3520.16 3703.79 3681.38 3673.17 
3032.77 2861.53 2829.08 2914.42 2916.66 2963.94 2815.79 2879.43 2974.16 2939.52 2771.18 2984.76 2895.93 2752.5 2982.23 2951.4 2919.13 3120.89 3032.64 2922.29 3036.88 2829.44 2982.79 2950.89 2974.1 2982.96 2995.56 2992.76 3004.33 2875.96 3060.72 2935.62 3007.8 2820.26 2736.86 3030.16 2947.39 2839.26 2859.51 2905.96 2846.01 2799.31 2894.04 2931.95 2981.57 2943.48 2880.81 2738.51 3025.75 2959.02 2942.87 
1327.18 1226.58 1276.63 1355.33 1221.53 1280.85 1214.71 1445.3 1379.4 1293.41 1313.99 1303.44 1286.65 1277.04 1291.41 1292.09 1367.29 1430.98 1379.96 1155.24 1294.33 1277.12 1350 1375.07 1296.81 1245.62 1276.24 1426.72 1259.26 1384.33 1256.02 1233.98 1323.28 1183.83 1166.03 1369.61 1290.23 1247.98 1233.43 1206.63 1330 1197.2 1247.66 1341.95 1266.8 1229.54 1211.39 1224.14 1414.09 1239.69 1271.92 
484.85 419.325 442.506 464.742 454.022 467.372 402.183 524.853 436.118 415.427 433.507 404.345 427.69 438.722 441.727 459.745 479.126 455.481 426.057 460.587 415.644 424.177 464.544 515.979 443.816 438.031 461.369 517.291 398.824 507.186 441.584 451.655 433.708 416.114 427.249 465.391 474.76 427.085 416.076 406.304 438.376 405.508 389.465 447.724 467.782 425.768 449.658 438.837 422.467 397.215 403.616 
408.096 345.313 366.089 376.562 389.311 396.181 329.323 444.033 353.409 332.739 352.953 324.512 360.372 362.204 368.725 388.289 398.986 375.844 340.762 384.072 331.909 347.482 393.215 412.739 369.375 357.748 386.796 427.876 337.482 434.381 361.709 388.256 363.949 359.071 358.179 390.771 402.294 349.049 345.041 338.841 369.951 343.597 320.132 356.409 386.944 360.719 374.667 370.725 338.831 321.817 325.701 
402.178 340.781 360.176 371.521 384.286 389.461 323.375 438.199 348.123 326.836 346.554 319.321 355.21 356.379 363.187 382.704 393.872 368.34 334.577 378.382 325.414 342.457 388.786 404.681 363.649 351.964 381.22 421.986 333.732 427.513 356.727 383.104 359.24 354.827 353.643 384.621 397.094 343.117 338.675 334.328 366.16 339.292 316.428 351.336 380.834 356.087 369.172 366.69 332.821 316.894 320.377 
401.786 340.512 359.89 371.285 384.031 389.052 323.064 437.873 347.878 326.552 346.159 319.077 354.958 356.097 362.84 382.492 393.587 367.855 334.266 378.008 325.087 342.116 388.512 404.282 363.356 351.614 380.939 421.66 333.547 427.165 356.409 382.835 358.892 354.588 353.422 384.31 396.792 342.806 338.344 334.064 365.976 339.089 316.283 351.132 380.447 355.844 368.879 366.488 332.551 316.573 320.114 
401.774 340.506 359.884 371.278 384.022 389.042 323.057 437.863 347.871 326.542 346.145 319.071 354.952 356.09 362.829 382.487 393.577 367.837 334.253 377.995 325.078 342.107 388.504 404.27 363.349 351.605 380.93 421.652 333.543 427.152 356.402 382.824 358.882 354.58 353.417 384.303 396.782 342.799 338.332 334.056 365.971 339.083 316.28 351.126 380.434 355.836 368.873 366.485 332.545 316.561 320.107 
401.774 340.506 359.884 371.278 384.022 389.042 323.057 437.863 347.871 326.542 346.145 319.071 354.952 356.09 362.829 382.487 393.577 367.837 334.253 377.995 325.078 342.107 388.504 404.27 363.349 351.605 380.93 421.652 333.543 427.152 356.402 382.824 358.882 354.58 353.417 384.303 396.782 342.799 338.332 334.056 365.971 339.083 316.28 351.126 380.434 355.836 368.873 366.485 332.545 316.561 320.107 
401.774 340.506 359.884 371.278 384.022 389.042 323.057 437.863 347.871 326.542 346.145 319.071 354.952 356.09 362.829 382.487 393.577 367.837 334.253 377.995 325.078 342.107 388.504 404.27 363.349 351.605 380.93 421.652 333.543 427.152 356.402 382.824 358.882 354.58 353.417 384.303 396.782 342.799 338.332 334.056 365.971 339.083 316.28 351.126 380.434 355.836 368.873 366.485 332.545 316.561 320.107 
401.774 340.506 359.884 371.278 384.022 389.042 323.057 437.863 347.871 326.542 346.145 319.071 354.952 356.09 362.829 382.487 393.577 367.837 334.253 377.995 325.078 342.107 388.504 404.27 363.349 351.605 380.93 421.652 333.543 427.152 356.402 382.824 358.882 354.58 353.417 384.303 396.782 342.799 338.332 334.056 365.971 339.083 316.28 351.126 380.434 355.836 368.873 366.485 332.545 316.561 320.107 
401.774 340.506 359.884 371.278 384.022 389.042 323.057 437.863 347.871 326.542 346.145 319.071 354.952 356.09 362.829 382.487 393.577 367.837 334.253 377.995 325.078 342.107 388.504 404.27 363.349 351.605 380.93 421.652 333.543 427.152 356.402 382.824 358.882 354.58 353.417 384.303 396.782 342.799 338.332 334.056 365.971 339.083 316.28 351.126 380.434 355.836 368.873 366.485 332.545 316.561 320.107 
