1380.82 1421.92 1397.24 1394.36 1423.53 1393.94 1320.37 1389.84 1384.51 1362.12 1355 1356.62 1324.42 1340.66 1343.35 1325.77 1415.76 1348.68 1386.56 1374.65 1380.76 1365.9 1347.14 1432.86 1397.84 1410.25 1364.06 1303.55 1339.16 1349.63 1373.96 1371.01 1423.04 1374.45 1399.68 1350.91 1246.81 1371.36 1396.14 1367.01 1387.17 1410.48 1412.3 1389.62 1456.9 1379.62 1319.62 1375.21 1348.97 1390.81 1340.68 
1034.64 1130.05 1133.89 1203.1 1115.67 1106.88 1098.57 1101.79 1044.01 1155.46 1121.58 1165.4 1145.97 1154.05 1139.2 1105.56 1101.63 1135.95 1180.62 1112.5 1120.13 1118.96 1097.08 1107.78 1132.98 1150.26 1137.94 1095.34 1148.26 1118.22 1087.85 1094.13 1104.87 1124.29 1037.23 1008.59 1155.73 1160.34 1121.45 1097.02 1059.93 1122.08 1129.56 1117.04 1060.13 1135.58 1051.72 1116.52 1048.24 1129.56 1180.37 
1012.18 1013.9 995.759 1035.83 955.702 990.591 947.957 993.161 991.293 935.671 982.407 989.255 989.407 995.706 918.913 977.434 983.63 1033.3 1019.44 983.847 999.467 945.79 989.081 969.059 966.797 976.043 977.78 1013.3 994.226 980.35 956.811 954.959 1001.75 1013.54 1014.97 993.605 967.305 997.431 951.87 1013.77 970.146 1020.67 1033.47 955.063 1001.17 944.428 994.472 996.409 978.851 1004.99 1003.31 
903.769 859.585 911.966 885.925 921.774 920.521 869.833 856.197 899.251 878.234 884.512 881.938 881.766 861.49 894.629 901.458 878.332 907.449 904.344 876.835 917.509 863.81 839.481 885.013 925.982 884.095 915.537 852.417 889.48 889.76 913.78 895.375 877.067 884.254 872.763 876.384 899.847 876.148 913.829 905.373 886.462 849.822 913.88 921.967 902.211 885.354 877.888 831.741 875.697 903.461 881.391 
796.336 778.113 818.627 816.129 834.963 793.558 815.551 777.773 835.751 819.56 795.229 810.835 812.477 807.069 789.514 817.933 833.62 796.089 819.033 824.567 789.991 759.452 806.984 806.766 799.378 821.815 794.029 808.264 795.94 839.383 821.748 785.353 832.544 803.663 800.81 812.205 831.317 829.324 833.331 837.535 793.965 835.503 812.131 831.39 835.507 828.037 821.429 829.724 777.154 840.654 817.042 
698.914 757.9 733.706 761.468 764.076 755.614 737.578 710.217 741.015 739.394 762.844 748.933 737.015 746.914 732.068 746.447 738.37 741.903 745.277 725.056 719.118 747.723 759.634 735.575 766.825 751.215 718.646 745.293 725.699 773.211 729.229 750.996 733.247 756.105 743.412 752.266 747.98 738.138 744.433 708.117 723.544 729.24 758.913 725.378 762.637 753.498 758.367 719.202 743.432 749.855 733.294 
692.094 693.931 678.548 691.019 674.023 677.26 677.949 691.938 688.294 685.839 680.657 683.756 663.775 654.871 674.141 687.189 666.824 685.867 710.636 667.843 692.401 646.364 699.138 706.491 666.358 659.468 639.102 679.882 678.41 692.913 718.356 690.876 677.028 693.532 687.054 690.462 649.663 699.698 641.774 684.404 684.299 690.473 681.23 670.39 660.867 664.378 686.888 597.961 682.627 688.299 674.154 
550.408 625.504 626.652 640.2 612.065 619.975 629.551 624.57 629.11 628.097 628.73 611.723 645.068 589.881 622.338 630.566 619.545 640.468 643.221 643.726 641.962 624.978 642.809 639.656 617.357 615.65 632.468 649.152 637.131 640.091 645.407 633.89 629.331 618.836 602.322 572.008 582.04 606.766 633.769 618.864 651.686 632.514 622.552 618.573 619.905 625.37 617.537 597.961 634.61 630.554 620.487 
546.619 598.961 582.548 592.155 589.057 588.58 574.391 583.484 596.549 590.298 577.037 586.912 581.988 574.541 561.769 584.715 596.569 555.489 575.384 615.867 561.119 594.288 541.185 584.757 584.079 572.942 617.698 606.04 560.912 601.756 563.147 586.285 577.787 572.58 548.797 564.427 582.04 593.609 589.641 595.876 605.417 548.311 608.303 596.602 593.003 607.538 589.801 595.362 607.636 590.713 595.486 
453.803 473.019 455.338 484.947 469.07 491.605 470.696 458.451 448.213 474.721 479.516 471.186 492.419 481.833 480.059 493.127 489.012 490.841 491.51 491.284 498.442 491.375 472.78 462.646 472.398 451.679 482.411 498.034 513.654 506.664 488.675 497.303 471.302 491.875 484.356 475.184 478.527 474.676 500.831 498.011 492.256 489.255 471.277 485.107 480.345 457.811 466.513 464.134 491.92 467.448 457.051 
353.202 352.247 346.559 375.566 358.489 363.505 355.46 362.409 371.685 351.956 378.893 357.414 383.532 376.092 355.87 354.646 370.799 370.802 347.492 374.641 366.241 331.589 357.534 377.148 351.375 355.715 365.524 371.355 396.496 372.069 359.616 381.453 382.076 350.983 371.659 369.35 376.082 299.969 375.783 373.159 376.593 362.273 380.57 368.768 372.555 346.755 374.239 358.107 345.629 387.714 352.072 
231.016 238.497 253.215 275.461 245.382 265.172 258.353 247.576 244.262 233.571 252.64 263.024 276.573 237.86 247.665 222.253 251.425 251.991 239.623 241.008 267.227 256.82 276.494 257.074 254.539 255.898 263.041 264.547 280.008 259.115 260.053 245.215 258.164 239.795 272.478 259.029 254.65 245.58 254.838 253.495 263.521 267.606 212.75 226.095 282.876 220.531 264.451 265.567 255.705 272.244 228.202 
88.4727 90.8053 72.6325 103.674 90.369 79.9784 107.101 110.079 79.6433 90.7204 83.4168 100.586 115.664 127.814 117.174 116.25 95.6811 80.5318 100.817 72.8244 122.807 95.0223 108.736 111.682 72.3644 96.2235 91.8672 93.2114 124.664 142.079 94.5637 99.3207 105.292 90.6366 118.068 98.9071 95.929 124.543 105.725 84.3923 86.2549 102.661 76.5656 80.8331 105.612 81.8987 102.454 88.4161 90.0528 104.063 72.625 
0.00019476 0.000103398 2.24042e-05 0.000531778 0.00090379 0.000136531 0.000339778 0.00016356 5.88759e-05 0.000146273 0.000293422 0.000426141 0.000605574 0.00100145 0.00219343 0.000416536 0.000139036 4.66778e-05 0.00122323 4.60808e-05 0.00052323 9.40821e-05 0.000815765 0.00027793 9.75593e-05 7.88119e-05 0.00044312 0.000131186 0.000835004 0.000358577 0.000272514 0.000426658 0.000100391 4.61587e-05 0.000465849 0.00291292 0.000231031 0.000906596 0.000493632 0.00023004 0.000108071 0.000169151 2.94137e-05 6.32901e-05 3.7933e-05 4.64533e-05 9.79871e-05 0.000204826 0.00038784 0.00029081 7.32594e-05 
