1.34944e+10 1.93391e+10 1.48572e+10 1.50814e+10 1.5218e+10 1.86745e+10 1.56583e+10 1.53438e+10 1.82376e+10 1.67487e+10 1.5268e+10 1.69293e+10 1.95043e+10 1.81696e+10 1.57683e+10 1.65732e+10 1.98592e+10 1.67677e+10 1.3356e+10 1.22097e+10 1.74329e+10 1.69299e+10 1.71687e+10 1.93895e+10 1.77409e+10 1.75918e+10 1.51363e+10 1.43364e+10 1.60015e+10 1.53194e+10 1.7232e+10 1.19434e+10 1.20626e+10 1.78434e+10 1.71518e+10 1.95838e+10 1.61562e+10 1.78243e+10 1.32129e+10 1.6732e+10 1.46745e+10 1.58599e+10 1.29344e+10 1.40509e+10 1.76005e+10 1.84343e+10 1.69308e+10 1.65863e+10 2.01383e+10 1.68022e+10 1.361e+10 
6.08305e+09 5.06669e+09 5.02231e+09 5.67976e+09 6.00307e+09 6.02406e+09 6.52944e+09 6.43983e+09 5.4557e+09 5.35373e+09 6.091e+09 5.42131e+09 5.4605e+09 6.81248e+09 6.2766e+09 6.9986e+09 5.74495e+09 6.10659e+09 5.57399e+09 4.66797e+09 6.092e+09 6.80698e+09 6.14767e+09 5.37795e+09 6.60017e+09 6.25329e+09 5.52217e+09 6.85897e+09 6.97876e+09 6.59615e+09 6.46673e+09 5.37285e+09 5.74929e+09 5.56087e+09 5.37129e+09 3.91453e+09 5.71228e+09 6.19829e+09 4.89816e+09 7.22634e+09 5.57313e+09 5.41695e+09 6.89997e+09 6.08903e+09 6.4185e+09 6.91734e+09 6.75996e+09 5.43542e+09 6.58141e+09 6.21125e+09 6.42294e+09 
2.36102e+09 3.01557e+09 2.79116e+09 2.26292e+09 2.03922e+09 2.48767e+09 2.77461e+09 2.87729e+09 3.02394e+09 2.61184e+09 2.83896e+09 2.61527e+09 2.64139e+09 2.2189e+09 2.48156e+09 2.37284e+09 3.17682e+09 2.73724e+09 2.75433e+09 2.5837e+09 2.79519e+09 2.67024e+09 2.11456e+09 2.74221e+09 2.21422e+09 2.36349e+09 2.47608e+09 2.95502e+09 2.13098e+09 2.59287e+09 2.29852e+09 2.70034e+09 2.43151e+09 1.76927e+09 2.35691e+09 2.32011e+09 2.66743e+09 2.7041e+09 2.43735e+09 3.02375e+09 2.9545e+09 1.79267e+09 2.75543e+09 3.25122e+09 2.8962e+09 2.27666e+09 2.00625e+09 3.11107e+09 2.74022e+09 1.82805e+09 2.78675e+09 
5.08328e+08 3.94047e+08 4.69208e+08 4.51524e+08 5.63048e+08 5.35445e+08 5.03644e+08 2.73016e+08 5.21082e+08 5.27689e+08 4.8493e+08 4.8732e+08 4.8168e+08 5.06886e+08 5.26092e+08 4.27572e+08 4.8058e+08 5.27878e+08 4.41623e+08 5.66397e+08 3.13752e+08 4.46913e+08 5.52888e+08 5.13708e+08 4.31816e+08 4.90496e+08 5.30711e+08 4.92278e+08 4.69695e+08 4.70745e+08 4.64481e+08 5.3575e+08 3.84985e+08 4.63972e+08 4.50111e+08 3.92761e+08 3.6192e+08 4.52975e+08 5.42188e+08 5.20415e+08 6.06381e+08 4.80516e+08 4.77911e+08 4.67878e+08 5.23266e+08 4.67734e+08 5.28429e+08 3.37237e+08 4.06597e+08 5.04778e+08 2.67631e+08 
4.61398e+06 4.81286e+06 5.16331e+06 4.43663e+06 4.32061e+06 6.07321e+06 4.09489e+06 4.20905e+06 4.10185e+06 5.37474e+06 5.66977e+06 5.69837e+06 5.8767e+06 6.41148e+06 7.73428e+06 5.86243e+06 5.84012e+06 5.77405e+06 4.58551e+06 5.98766e+06 5.33997e+06 6.08109e+06 5.96056e+06 5.31809e+06 4.6021e+06 4.75389e+06 5.7723e+06 6.0238e+06 6.44737e+06 5.02483e+06 5.25761e+06 5.2277e+06 5.25606e+06 5.20825e+06 5.09573e+06 5.30066e+06 6.36893e+06 5.66228e+06 7.37802e+06 6.1657e+06 5.63131e+06 5.14928e+06 5.31047e+06 4.68566e+06 5.29724e+06 5.76674e+06 4.93316e+06 5.47569e+06 5.82714e+06 6.87219e+06 5.78427e+06 
1760.74 1450.15 1756.51 1889.79 2079.74 1657.64 1405.67 1647.16 1966.02 1715.78 2010.36 1514.4 1927.37 2023.75 1842.07 2525.51 1729.28 1719.97 1609.36 1546.58 1335.67 2279.58 1866.45 1458.05 1669.32 1953.09 1518.63 1592.53 1742.75 1883.43 2139.64 1870.43 1555.07 1379.01 1498.39 1647.48 1707.59 1443.13 1914.82 1561.86 1815.72 2245.57 1664.22 1620.98 1922.47 1652.79 1973.01 1734.7 1658.28 1750.81 1507.36 
659.71 568.339 577.437 540.28 648.623 498.926 528.018 538.395 565.57 517.579 722.804 591.569 594.89 646.447 566.631 681.705 521.813 569.283 548.366 518.822 580.242 603.221 585.661 567.257 565.758 645.09 518.09 585.384 632.396 553.749 655.276 555.833 459.559 519.607 532.96 518.076 566.268 533.772 594.677 546.602 612.746 707.821 537.536 597.681 531.174 507.964 589.198 624.544 621.032 617.362 536.007 
480.102 436.076 460.555 432.668 467.922 404.839 423.125 432.279 427.572 419.213 445.011 427.659 477.05 482.79 452.313 487.632 426.137 465.647 436.179 416.918 427.181 422.004 406.111 434.645 426.115 464.328 426.02 446.043 464.123 434.912 486.766 429.538 364.004 396.766 411.205 401.301 431.979 404.56 440.744 416.323 422.374 492.836 460.626 479.115 421.32 408.31 394.279 499.186 460.057 466.586 397.871 
315.232 287.643 300.872 284.074 340.393 289.766 294.639 288.905 295.57 276.579 304.056 266.387 285.701 333.266 297.09 343.514 310.793 293.571 315.145 274.008 290.526 281.907 292.871 289.479 299.791 310.184 293.577 342.15 309.316 268.18 324.683 323.082 274.947 257.059 276.428 270.827 254.799 278.75 292.842 267.141 296.614 333.669 312.628 316.54 297.682 288.239 291.662 284.277 312.184 331.001 288.622 
253.339 240.329 233.789 243.797 267.5 213.691 252.091 245.789 245.482 229.673 220.135 215.699 230.548 259.283 252.35 287.513 231.245 258.961 255.816 234.363 223.753 226.633 233.006 227.954 215.321 249.473 246.555 290.555 234.872 209.989 264.024 257.385 201.815 225.411 223.897 212.113 222.667 202.453 248.573 220.104 233.871 262.738 231.261 267.653 242.696 217.208 226.43 237.387 239.694 251.562 230.483 
247.89 239.401 228.862 228.413 250.715 201.136 243.779 244.827 234.865 216.13 205.572 212.816 226.39 254.569 249.766 285.382 224.457 256.671 251.587 233.551 220.718 224.771 226.962 224.779 212.813 231.188 244.445 276.704 226.013 206.905 257.606 254.545 196.299 224.721 222.762 205.122 221.531 195.113 238.864 218.588 219.863 242.043 218.975 258.607 239.877 214.869 213.922 235.522 238.443 236.865 217.946 
247.503 239.259 228.587 227.821 250.517 200.713 243.513 244.56 234.493 215.774 205.071 212.492 226.091 254.39 249.309 285.207 224.065 256.431 251.37 233.383 220.343 224.519 226.502 224.52 212.56 230.638 244.294 276.286 225.645 206.633 257.334 254.272 195.658 224.509 222.574 204.768 221.392 194.648 238.441 218.451 219.49 241.634 218.672 258.236 239.588 214.551 213.641 235.377 238.295 236.514 217.507 
247.385 239.232 228.414 227.657 250.439 200.603 243.428 244.494 234.336 215.629 204.619 212.421 225.964 254.25 249.215 285 223.879 256.325 251.299 233.332 220.234 224.38 226.411 224.463 212.483 230.411 244.195 276.17 225.597 206.523 257.177 254.169 195.469 224.427 222.48 204.567 221.337 194.462 238.332 218.397 219.399 241.509 218.537 258.161 239.332 214.358 213.512 235.317 238.23 236.401 217.433 
247.177 239.128 228.282 227.419 250.229 200.364 243.232 244.35 234.24 215.443 204.405 212.237 225.852 254.158 249.048 284.888 223.733 256.152 251.166 233.127 220.066 224.229 226.312 224.275 212.384 230.268 244.104 275.995 225.453 206.284 257.029 254.022 195.241 224.225 222.292 204.404 221.235 194.25 238.245 218.312 219.288 241.389 218.341 258.106 239.21 214.215 213.336 235.186 238.119 236.25 217.291 
