644.439 517.931 483.236 544.32 587.98 478.019 556.766 604.556 604.045 585.248 557.604 578.132 496.598 577.191 515.829 575.65 512.515 596.089 589.127 479.486 590.255 635.808 630.124 519.68 573.984 556.217 570.39 590.034 549.284 542.812 563.179 549.665 553.616 548.564 524.522 510.059 530.03 475.041 581.84 637.942 584.402 483.616 494.254 567.463 507.844 573.224 570.386 591.432 607.529 580.21 565.556 
405.87 382.188 401.916 405.314 409.556 359.736 406.657 377.56 390.496 351.612 413.62 430.512 415.589 426.172 404.634 371.563 420.93 387.182 402.35 408.389 380.837 377.776 353.418 384.83 416.814 418.023 399.752 401.397 371.573 398.546 377.588 392.969 386.503 413.364 431.544 430.241 428.721 394.571 394.979 384.506 402.95 346.075 368.733 379.411 423.036 361.508 421.298 391.221 416.602 387.79 336.064 
320.811 318.606 318.559 278.211 316.576 293.226 309.183 303.527 315.176 298.463 312.741 302.267 316.206 317.461 301.906 311.078 301.303 301.964 301.676 323.412 298.717 316.84 309.439 295.331 324.06 317.206 316.819 315.821 294.775 271.302 296.862 306.679 300.705 312.026 333.136 303.451 275.663 299.075 314.682 309.56 319.158 300.309 285.399 306.002 316.3 311.559 329.055 298.334 321.049 300.797 314.637 
233.846 232.01 232.067 224.059 229.181 226.643 233.89 230.887 228.609 228.914 225.433 229.355 227.005 233.481 221.344 227.533 231.221 232.773 235.187 230.573 236.064 226.086 232.642 224.878 234.464 220.551 236.625 235.554 233.468 235.483 230.35 231.155 231.48 232.359 234.348 233.706 229.739 228.179 230.599 235.413 230.192 228.917 233.376 236.161 231.944 233.14 233.881 230.976 231.37 226.93 226.402 
200.955 200.929 201.02 200.824 200.889 200.988 200.922 200.965 200.837 201.005 201.026 200.998 201.09 201.042 200.896 201.144 201.058 201.006 200.979 201.04 201.106 201.201 200.862 200.914 201.142 201.297 201.032 201.177 201.056 201.041 200.959 201.02 201.095 201.003 201.037 201.012 200.981 200.974 201.124 200.788 201.183 200.951 200.861 200.932 200.894 200.957 200.914 201.015 201.137 201.088 200.944 
200.113 200.093 200.1 200.113 200.101 200.101 200.089 200.093 200.094 200.095 200.124 200.102 200.105 200.112 200.094 200.124 200.099 200.115 200.109 200.091 200.126 200.115 200.118 200.123 200.089 200.124 200.107 200.093 200.099 200.097 200.091 200.103 200.106 200.104 200.11 200.105 200.103 200.119 200.124 200.089 200.088 200.097 200.104 200.109 200.101 200.091 200.102 200.096 200.097 200.123 200.101 
200.063 200.05 200.056 200.069 200.051 200.059 200.054 200.04 200.058 200.049 200.086 200.057 200.068 200.06 200.065 200.065 200.055 200.073 200.061 200.049 200.088 200.065 200.08 200.076 200.058 200.069 200.069 200.061 200.063 200.059 200.056 200.063 200.06 200.071 200.067 200.076 200.04 200.08 200.071 200.043 200.046 200.052 200.04 200.073 200.059 200.051 200.073 200.058 200.062 200.091 200.062 
200.025 200.019 200.028 200.04 200.023 200.022 200.029 200.013 200.026 200.014 200.061 200.024 200.04 200.031 200.05 200.035 200.026 200.048 200.03 200.014 200.071 200.033 200.054 200.043 200.033 200.035 200.038 200.03 200.038 200.034 200.033 200.045 200.032 200.05 200.04 200.061 200.01 200.044 200.053 200.011 200.021 200.019 200.01 200.047 200.023 200.019 200.042 200.026 200.03 200.082 200.034 
200.003 200.001 200.002 200.008 200.001 200.001 200.004 200.001 200.003 200 200.03 200.002 200.007 200.004 200.024 200.007 200.003 200.017 200.004 200.001 200.049 200.009 200.024 200.015 200.005 200.006 200.009 200.004 200.01 200.007 200.007 200.013 200.007 200.02 200.006 200.029 200 200.011 200.018 200 200.001 200.001 200 200.013 200.003 200.002 200.008 200.002 200.005 200.075 200.006 
200 200 200 200 200 200 200 200 200 200 200.003 200 200 200 200.001 200 200 200 200 200 200.015 200 200.001 200.001 200 200 200 200 200 200 200 200 200 200.001 200 200.003 200 200 200.001 200 200 200 200 200 200 200 200 200 200 200.061 200 
200 200 200 200 200 200 200 200 200 200 200 200 200 200 200 200 200 200 200 200 200 200 200 200 200 200 200 200 200 200 200 200 200 200 200 200 200 200 200 200 200 200 200 200 200 200 200 200 200 200.024 200 
200 200 200 200 200 200 200 200 200 200 200 200 200 200 200 200 200 200 200 200 200 200 200 200 200 200 200 200 200 200 200 200 200 200 200 200 200 200 200 200 200 200 200 200 200 200 200 200 200 200 200 
200 200 200 200 200 200 200 200 200 200 200 200 200 200 200 200 200 200 200 200 200 200 200 200 200 200 200 200 200 200 200 200 200 200 200 200 200 200 200 200 200 200 200 200 200 200 200 200 200 200 200 
200 200 200 200 200 200 200 200 200 200 200 200 200 200 200 200 200 200 200 200 200 200 200 200 200 200 200 200 200 200 200 200 200 200 200 200 200 200 200 200 200 200 200 200 200 200 200 200 200 200 200 
