10.7101 10.2429 9.81716 9.50398 9.7537 11.2917 10.3176 11.4252 8.40873 10.212 9.90567 10.8592 11.0305 9.78675 11.7873 8.498 9.55682 10.5136 10.1819 10.3589 11.3304 10.0463 11.0554 9.6316 9.45941 9.45345 10.0319 10.2065 11.2907 11.5572 10.3275 10.147 10.9281 10.926 9.78085 8.1217 8.925 9.90672 10.1485 9.58969 9.72751 8.72337 9.08428 9.21941 7.27486 9.34588 9.98448 10.3505 8.83119 10.3542 10.6034 
9.26795 7.7972 7.90529 8.67522 9.27273 9.1013 8.99036 8.06604 8.40873 7.58872 8.95606 8.30977 8.44548 8.86253 7.18565 7.35008 8.63078 8.05878 7.31253 8.44441 9.62276 8.66802 8.63899 9.15898 7.62215 5.52222 8.19903 7.32244 8.97254 8.31803 9.8829 9.29031 7.84862 8.48588 8.38849 8.1217 8.43946 8.67264 9.26731 8.91575 8.92401 8.72337 8.91125 9.21941 7.27486 8.06397 8.61254 8.30991 8.29749 8.0673 9.51536 
7.99198 6.7161 7.24143 8.45215 8.86461 6.6546 7.37118 8.06604 8.40873 7.24215 7.49325 6.12342 8.14954 7.97133 7.18565 7.35008 7.58969 7.80741 7.31253 8.09286 9.26086 7.50703 7.46664 8.33022 6.71068 5.52222 7.26078 6.28875 7.75328 8.31803 7.71827 8.07474 6.08847 7.96832 7.32486 6.59172 7.14263 7.18194 9.04494 5.92146 7.62852 6.57232 6.90431 8.63376 7.27486 6.8211 8.27472 7.64423 8.15645 7.69383 8.39157 
6.63894 4.08856 3.61113 4.95988 5.18674 6.47558 3.62675 4.36675 6.00337 4.6492 4.75581 4.80028 5.92929 4.65061 5.77009 6.60169 6.0929 6.01514 6.43188 6.92647 7.89033 6.74238 6.55687 7.11785 3.64557 5.23066 5.86152 6.14811 4.81006 6.32647 6.70973 6.39319 4.32484 5.90879 5.05106 5.5528 5.53331 4.93242 7.47074 4.59538 5.49572 5.24171 5.80522 7.02242 5.96553 5.2163 6.18281 5.33031 6.61837 5.84187 6.56406 
4.03111 0.960595 1.41951 4.07522 1.72475 1.3997 2.46655 1.1842 1.76772 1.21336 1.59814 1.51391 1.91832 2.60197 1.14441 3.26071 2.14199 1.12241 2.707 2.73385 6.07925 1.79995 2.32522 2.902 0.998251 2.72124 1.50425 1.60814 1.30819 1.93582 2.90473 2.28511 0.876955 4.17917 2.68695 1.46229 1.66189 0.936959 4.16794 1.17925 1.79696 1.48428 3.0924 1.44426 2.52303 1.02836 1.28294 1.50092 1.88332 2.87267 2.51184 
0.39015 0.0365428 0.0457307 0.294355 0.052342 0.0470013 0.584229 0.0413119 0.0405863 0.0329373 0.0568989 0.0581133 0.0726963 0.193087 0.0388061 0.253786 0.0874276 0.0359589 0.0835766 0.11166 0.574587 0.0574794 0.0847184 0.0993067 0.0374875 0.114885 0.0517164 0.0527068 0.0405847 0.0735052 0.118294 0.0584942 0.0272461 0.31111 0.257274 0.0598865 0.0559037 0.0321322 0.255393 0.036671 0.0459611 0.0389195 0.241274 0.0755855 0.0994654 0.0426842 0.0478997 0.0628175 0.0416414 1.00816 0.0841829 
0.010647 0.00089719 0.00200403 0.00650122 0.00114592 0.00109822 0.0706432 0.00118233 0.00112014 0.000888638 0.00126934 0.00139478 0.00159547 0.00431159 0.00101064 0.0071913 0.00214561 0.00108299 0.00232376 0.003694 0.0226585 0.00164024 0.00181151 0.00190926 0.00104138 0.00257319 0.00166956 0.00144842 0.00102183 0.00202338 0.0030469 0.00153249 0.000712762 0.0057971 0.00924227 0.00139041 0.00191955 0.00119529 0.00436948 0.000898062 0.00114847 0.000756716 0.00868704 0.00189978 0.00275973 0.00131943 0.00107809 0.00145966 0.00144723 0.27265 0.00256135 
0.000210035 9.34998e-06 2.99221e-05 0.000129198 1.39012e-05 1.45018e-05 0.00404487 1.31742e-05 7.28575e-06 9.45978e-06 1.60107e-05 2.06555e-05 2.66833e-05 0.000115688 6.75726e-06 0.000201178 3.41252e-05 1.20545e-05 3.83907e-05 6.98253e-05 0.000435637 1.23702e-05 2.65133e-05 2.24655e-05 1.95052e-05 3.77545e-05 3.24195e-05 2.39615e-05 7.35126e-06 1.77803e-05 6.26079e-05 2.93176e-05 5.04303e-06 0.000132329 0.000181324 1.94908e-05 1.50287e-05 3.00189e-06 0.000121655 6.43877e-06 3.02414e-05 1.12502e-05 0.000160848 2.01553e-05 5.1321e-05 1.24374e-05 1.37938e-05 1.9072e-05 6.78934e-06 0.0400866 5.70045e-05 
0 0 0 0 0 0 2.61271e-05 0 0 0 0 0 0 0 0 0 0 0 0 0 0 0 0 0 0 0 0 0 0 0 0 0 0 0 1.0426e-08 0 0 0 0 0 0 0 0 0 0 0 0 0 0 0.00336065 0 
0 0 0 0 0 0 0 0 0 0 0 0 0 0 0 0 0 0 0 0 0 0 0 0 0 0 0 0 0 0 0 0 0 0 0 0 0 0 0 0 0 0 0 0 0 0 0 0 0 0.000258516 0 
0 0 0 0 0 0 0 0 0 0 0 0 0 0 0 0 0 0 0 0 0 0 0 0 0 0 0 0 0 0 0 0 0 0 0 0 0 0 0 0 0 0 0 0 0 0 0 0 0 0 0 
0 0 0 0 0 0 0 0 0 0 0 0 0 0 0 0 0 0 0 0 0 0 0 0 0 0 0 0 0 0 0 0 0 0 0 0 0 0 0 0 0 0 0 0 0 0 0 0 0 0 0 
0 0 0 0 0 0 0 0 0 0 0 0 0 0 0 0 0 0 0 0 0 0 0 0 0 0 0 0 0 0 0 0 0 0 0 0 0 0 0 0 0 0 0 0 0 0 0 0 0 0 0 
0 0 0 0 0 0 0 0 0 0 0 0 0 0 0 0 0 0 0 0 0 0 0 0 0 0 0 0 0 0 0 0 0 0 0 0 0 0 0 0 0 0 0 0 0 0 0 0 0 0 0 
