354.063 377.834 322.857 277.487 347.586 363.06 384.904 376.45 362.764 312.413 336.779 309.071 343.548 360.318 354.136 339.572 335.778 372.448 324.105 305.678 306.993 336.099 365.543 338.118 297.544 336.256 349.049 367.422 345.111 305.112 346.898 356.752 334.73 353.375 318.398 339.112 319.68 344.656 326.507 335.058 340.255 339.451 304.663 328.591 353.068 350.852 311.132 349.761 291.262 335.095 338.852 
270.338 281.042 281.775 263.601 263.069 264.858 270.795 253.957 276.449 276.775 281.194 286.087 274.501 237.813 288.389 260.911 229.047 273.809 270.627 261.146 265.446 280.115 272.591 268.376 279.14 224.75 260.342 274.781 275.736 266.727 282.01 270.979 260.448 281.005 256.694 280.449 263.985 252.473 276.808 268.719 284.5 247.518 278.925 267.297 292.044 248.652 272.378 285.885 267.637 285.834 283.644 
236.276 243.517 228.699 256.734 263.069 243.049 206.059 244.708 248.842 241.181 238.26 253.411 233.5 237.813 217.491 252.853 229.047 254.581 247.174 226.929 250.618 250.552 236.355 249.898 239.298 218.031 230.016 226.237 251.808 266.727 258.54 268.854 247.298 253.276 245.618 253.412 235.57 252.473 240.055 227.998 245.924 247.518 262.023 236.721 255.35 231.24 256.176 229.697 267.637 244.938 262.546 
225.186 235.807 213.158 214.689 241.295 236.346 206.059 206.09 225.164 216.084 225.505 211.562 205.541 205.697 217.491 222.532 229.047 201.115 220.529 225.45 200.014 189.605 219.614 214.32 208.302 218.031 211.567 226.237 221.757 228.412 237.429 219.433 226.486 222.22 211.121 218.455 211.328 205.494 216.464 225.84 226.208 223.792 225.944 229.165 224.15 231.24 239.261 227.741 228.393 237.123 209.203 
203.747 204.997 198.85 208.482 217.934 204.743 206.059 198.552 206.386 206.239 187.329 202.064 205.541 205.697 193.783 190.331 198.44 189.183 193.257 201.799 200.014 189.605 206.131 198.843 200.631 195.188 185.891 192.058 179.881 207.954 190.332 179.86 216.424 194.149 198.448 190.374 184.98 187.325 206.818 198.203 183.726 214.158 191.577 207.771 187.752 207.013 182.829 182.943 194.526 212.644 189.829 
178.172 186.807 172.269 152.76 183.602 179.515 174.253 178.58 172.675 191.121 146.573 153.023 165.301 167.953 170.43 174.883 151.806 167.048 149.501 179.08 161.554 171.452 153.625 169.725 172.899 161.819 177.813 179.088 179.881 182.87 175.21 177.653 177.403 179.736 179.716 165.832 146.493 169.616 178.234 175.318 169.15 184.703 171.205 160.145 162.065 155.826 178.647 170.61 167.849 173.427 173.522 
137.278 150.94 140.828 145.808 120.684 141.862 147.894 153.721 135.139 131.442 115.875 131.863 131.634 144.712 140.728 132.048 117.768 147.532 130.672 149.954 152.557 141.535 143.659 135.413 134.788 139.846 139.153 142.626 113.248 133.572 139.795 140.192 141.328 154.705 139.217 141.23 126.315 143.86 149.797 143.408 118.688 155.301 125.195 127.534 118.4 148.874 140.019 140.68 136.942 140.831 121.261 
114.562 102.494 107.869 115.626 85.9514 129.499 112.517 128.884 107.288 117.366 109.874 112.308 107.142 121.055 106.553 111.151 101.463 95.7493 118.177 121.221 110.432 105.958 110.103 120.27 119.958 99.5949 119.98 114.911 109.336 97.7289 115.103 115.377 132.108 118.772 120.639 123.966 113.782 103.259 121.448 108.37 113.604 116.47 89.7822 109.694 103.117 118.843 110.082 103.899 100.217 111.59 121.261 
89.8881 85.8108 88.5751 81.4601 76.3452 85.6191 94.4925 103.504 97.7533 109.77 91.5402 103.147 92.6952 85.7665 69.7375 98.5396 98.8874 85.9905 95.6035 89.1027 107.837 88.4488 96.6371 103.677 102.12 77.4291 92.5408 97.0256 90.1449 84.8906 83.9028 94.9341 114.441 101.446 95.6258 88.6423 94.6083 81.1295 95.6971 96.0252 99.7034 89.1992 77.0188 91.386 95.4546 86.6577 83.8829 91.3735 93.5086 98.2707 91.946 
59.4809 62.3597 75.9842 58.4729 49.9034 55.6946 72.309 91.1694 68.6002 84.8009 62.7186 67.4008 57.5902 70.763 60.3375 71.8779 70.9249 64.8234 77.0269 57.123 71.8127 64.3418 76.919 82.4796 70.9263 66.0162 73.5855 70.7833 62.6471 56.903 76.7426 69.9695 82.2045 66.5979 76.183 70.715 65.81 54.3197 69.9394 77.161 72.8659 61.6705 62.6054 66.7423 67.6138 68.1017 60.9211 76.4369 67.9928 69.8692 74.3646 
36.585 31.4475 40.731 34.5046 30.1508 37.549 37.4723 43.0521 41.1487 36.4678 27.7496 38.0008 37.4528 46.1648 38.6117 48.1341 36.1394 32.6626 42.5918 33.8449 35.9612 46.6009 38.6766 42.642 42.6813 30.4959 40.2268 41.6107 31.3404 34.7792 35.2504 40.2592 36.1025 37.7174 40.2804 39.9824 25.3502 32.3818 32.9011 43.4685 42.2734 33.4043 37.988 33.9502 32.568 49.8735 38.2982 40.7157 31.4736 35.5549 29.5612 
22.8939 19.0129 19.592 16.893 17.2341 21.844 17.735 24.4303 21.2237 23.1988 17.5071 20.5628 21.4544 23.2023 14.8705 21.499 21.2815 16.8135 18.2763 20.9007 19.8754 20.8528 25.1163 16.3694 21.1709 16.8728 14.1981 21.4516 17.3742 21.6806 20.506 19.4407 22.6885 20.7832 23.5167 21.5128 19.338 15.6067 22.6721 26.0397 23.0671 20.5219 21.4871 20.0949 18.566 15.9397 18.8095 20.4921 20.9637 18.7963 18.3336 
9.63574 12.5458 13.6988 7.70142 8.43201 11.2437 10.2571 10.2516 10.5811 9.20195 7.07873 12.1577 10.98 11.4771 9.07525 10.5122 10.7021 7.30796 8.21531 11.1119 10.6446 10.8432 14.7122 10.9455 9.01762 6.8561 7.196 11.161 11.972 14.7759 8.8464 10.8921 9.32285 11.2971 10.5407 13.298 12.1686 9.91656 13.6544 13.664 11.0937 11.2989 7.98331 7.35894 10.5003 3.63834 9.66458 9.34645 13.1786 10.3211 9.80913 
5.96975 8.95463 8.95463 4.9748 5.96975 7.95967 4.9748 7.95967 5.96975 5.96975 3.97984 9.94959 6.96471 8.95463 4.9748 6.96471 5.96975 3.97984 4.9748 6.96471 5.96975 7.95967 11.9395 6.96471 5.96975 3.97984 2.98488 6.96471 7.95967 10.9445 5.96975 7.95967 7.95967 7.95967 6.96471 8.95463 7.95967 6.96471 8.95463 9.9496 8.95463 6.96471 4.9748 3.97984 7.95967 1.98992 6.96471 5.96975 8.95463 5.96975 6.96471 
