80.2558 76.9002 76.8309 63.9502 46.1276 67.9442 73.4424 68.3922 59.9452 73.0216 76.1642 66.9013 73.4227 70.6613 75.2079 67.4338 69.5287 68.0019 62.9915 77.5023 80.8113 82.3379 80.9424 69.6207 76.3645 55.2659 55.6613 75.0997 73.9482 68.3292 57.4652 57.9179 63.9529 76.9736 78.3965 73.0755 68.5313 61.5601 74.816 54.3188 64.3162 61.9692 71.6692 59.6856 59.9528 66.1472 64.404 60.7847 61.3792 54.1641 67.2952 
53.4829 56.6328 51.2096 46.1141 46.1276 56.5288 46.1166 61.1784 52.3047 55.3375 52.3423 60.3321 58.9746 59.3936 53.4068 55.1253 60.6505 63.7109 59.3911 57.1885 55.4652 45.9949 44.6705 57.0111 50.8213 43.2674 45.864 54.9106 65.672 59.4952 57.4652 28.6389 53.1335 52.4379 54.073 48.5634 55.2427 59.1517 49.4918 54.3188 40.5411 45.0816 47.5774 57.9014 59.9528 59.4751 59.2007 39.1046 51.2432 54.1641 55.5785 
53.4829 51.3747 32.3076 46.1141 46.1276 53.2096 46.1166 46.2308 52.3047 55.3375 45.5413 52.2988 58.2345 48.5502 39.4476 47.2043 50.1038 49.9944 51.0336 57.1885 55.4652 45.9949 43.0542 49.0396 50.8213 43.2674 45.864 50.4556 46.5028 58.4632 51.7826 28.6389 50.1114 47.548 52.0883 48.5634 39.2373 51.7118 49.4918 52.1339 40.5411 31.4335 40.966 27.6667 52.921 48.0967 47.9236 39.1046 51.2432 54.1641 42.0132 
42.622 46.8211 32.3076 45.348 40.8613 36.6301 39.9698 41.158 27.7787 40.0374 45.5413 52.023 25.3255 48.5502 39.4476 38.753 44.0188 32.9962 50.3629 51.0089 53.4169 32.7211 43.0542 40.9476 44.1796 43.2674 41.4764 41.9737 46.5028 40.0109 48.9661 28.6389 38.614 47.142 35.9581 46.1497 39.2373 50.5617 46.1185 30.5663 40.5411 31.4335 40.966 26.6161 52.921 47.8229 36.7012 39.1046 48.4798 47.8425 42.0132 
41.8962 31.6996 32.3076 24.8282 32.325 36.6301 34.2293 29.8386 27.7787 37.506 41.3608 33.4166 25.3255 29.358 37.9526 35.4149 44.0188 32.9962 36.0645 37.9486 28.4984 28.1994 28.4317 32.487 26.5948 31.9594 36.6942 31.1535 43.9376 40.0109 38.3461 28.6389 28.4564 27.1776 29.8893 19.3052 27.8273 38.5763 40.4245 29.8683 40.1836 31.4335 40.966 26.6161 25.0048 41.6023 20.4038 32.06 38.2138 37.9403 25.7992 
21.6222 20.4191 21.436 15.622 24.5186 25.6315 23.7089 18.7198 18.9497 20.7287 22.2839 20.2221 25.0926 24.4105 21.5207 25.5304 21.8824 19.8424 18.7667 25.3923 19.5587 28.1994 19.8291 25.3977 23.7273 22.7902 22.1631 19.9401 13.3667 20.5687 24.3738 24.7114 18.9265 15.2844 22.3409 11.5334 13.3411 15.3027 26.7963 19.454 30.3773 22.7964 25.4609 16.3654 25.0048 23.1576 17.3599 17.9637 20.2197 28.21 25.7992 
10.7584 5.8142 8.38772 14.0426 9.81168 15.284 13.937 8.73081 10.321 11.9664 10.3038 11.929 15.5039 12.2597 12.5966 14.4152 12.582 7.18191 10.7754 12.3829 8.43167 12.6413 7.82409 14.3637 7.92242 13.5772 13.2456 9.46189 6.68159 10.7581 8.0637 10.6952 7.09273 13.6383 11.8801 8.33246 13.0903 9.19896 8.67783 12.1689 8.86851 9.04131 14.1653 12.4497 16.29 13.6781 11.3418 11.9169 13.0647 15.792 16.8787 
9.06561 3.29819 6.08314 9.83253 7.57328 6.2658 8.21795 6.18479 6.48558 3.97252 7.62755 8.53946 5.35094 7.31505 4.8259 7.39541 7.31836 3.33773 3.37504 8.764 6.89287 8.90719 4.80937 6.75754 6.63272 9.06886 8.11726 5.39486 6.33514 7.98371 5.94933 6.43066 5.62649 7.92109 7.26397 5.25607 6.19061 6.94378 7.91639 9.53758 5.58755 5.91313 7.73702 5.07802 8.11582 6.83342 8.39709 6.37137 7.5301 10.6604 10.6994 
5.94785 2.93536 3.77167 4.20438 2.80845 4.50486 5.73967 2.38347 4.73687 3.17759 5.50037 6.23145 3.696 6.04263 2.68479 5.4646 5.2629 2.63777 1.105 4.93235 2.32612 2.58205 3.40331 3.37873 3.16753 8.50705 7.65727 4.34696 5.50196 5.32854 3.77421 4.89501 4.08146 4.82391 5.474 3.80044 5.49804 4.06107 4.31536 3.20458 3.23764 4.77241 6.20862 4.77146 7.02211 3.64076 5.64252 4.16062 3.56072 4.88843 6.02091 
4.24721 1.00125 3.0197 2.57059 2.28551 2.33109 3.92642 1.46934 1.68003 2.60098 3.43109 3.28278 2.70449 3.26658 1.939 3.46187 3.5465 1.39606 0.754276 3.94128 2.23046 0.660401 2.55271 2.39171 2.27032 5.54878 5.02242 4.10987 2.34228 4.73865 2.83386 2.65853 2.57792 3.48568 2.64137 2.15438 4.54292 3.12355 2.42531 1.46688 2.32419 2.52062 4.09884 4.37257 3.56506 1.83692 3.70312 3.40258 1.75022 3.19573 2.44157 
3.12914 0.460811 2.31748 2.02985 2.02032 2.14507 3.16244 0.189624 1.49041 1.32728 2.38293 2.20962 2.24789 2.17846 1.33582 3.11133 2.68576 1.13736 0.310304 1.84505 2.09319 0.0775299 2.17707 2.16101 2.01118 4.9325 3.69824 3.0485 2.06675 3.52369 1.98994 2.19055 2.10202 3.11347 2.20498 1.27695 3.18495 2.21635 1.46436 1.02578 1.30924 2.15561 3.26775 2.5072 2.75105 1.3333 1.22655 2.22109 1.15801 2.82039 1.35315 
2.00869 0.0746253 2.13955 2.01523 2.01399 2.02953 2.2862 0.000161022 1.12389 1.03193 2.06081 2.11997 1.54665 2.0393 1.12608 3.01895 2.01003 1.05115 0.0528095 1.08053 2.00071 0.0188546 2.05368 2.06926 1.99841 4.05602 3.20767 2.17492 2.01668 1.13708 1.98992 2.02168 2.00047 2.2129 2.05135 1.03486 2.25651 2.08128 1.04375 1.01735 1.08246 2.01121 3.10092 2.07073 2.09332 1.11727 1.11329 2.05667 1.03808 2.16167 1.03276 
0.994959 0 0.994959 1.98992 1.98992 0.994959 1.98992 0 0.994959 0 1.98992 1.98992 0.994959 1.98992 0.994959 1.98992 1.98992 0 0 0.994959 1.98992 0 1.98992 1.69876e-06 1.98992 3.97984 2.98488 1.98992 1.98992 0.994959 1.98992 0 0.99496 1.98992 0 0.994959 1.98992 0.994959 0.994959 0.994959 0.994959 1.98992 0.994959 1.98992 1.98992 0.994959 0.994959 1.98992 0 1.98992 0.994959 
0.994959 0 0.994959 1.98992 1.98992 0.994959 1.98992 0 0.994959 0 1.98992 1.98992 0.994959 1.98992 0.994959 1.98992 1.98992 0 0 0.994959 1.98992 0 1.98992 0 1.98992 3.97984 2.98488 1.98992 1.98992 0.994959 1.98992 0 0.994959 1.98992 0 0.994959 1.98992 0.994959 0.994959 0.994959 0.994959 1.98992 0.994959 1.98992 1.98992 0.994959 0.994959 1.98992 0 1.98992 0.994959 
