7.9815e+07 3.73441e+07 1.63053e+08 5.08007e+07 7.88892e+07 5.53948e+07 7.93483e+07 6.68921e+07 6.55637e+07 1.09388e+08 4.88826e+07 7.37646e+07 4.39711e+07 8.07989e+07 8.19076e+07 6.78276e+07 5.25023e+07 1.40633e+08 1.03793e+08 1.33446e+08 9.96421e+07 8.53277e+07 5.25738e+07 1.30015e+08 1.08504e+08 1.04396e+08 1.08024e+08 7.16279e+07 5.19613e+07 8.01697e+07 5.56795e+07 3.62994e+07 1.14336e+08 8.92915e+07 8.49764e+07 1.17256e+08 7.14975e+07 8.2279e+07 4.07457e+07 2.55731e+07 4.30893e+07 4.4901e+07 3.98713e+07 1.14896e+08 1.21647e+08 7.40556e+07 5.02607e+07 6.80883e+07 9.98725e+07 8.52873e+07 6.76279e+07 
6.35766e+06 4.52076e+06 2.0022e+06 6.32498e+06 5.26038e+06 4.74209e+06 7.15513e+06 4.08913e+06 1.03438e+07 7.20683e+06 6.7545e+06 4.88982e+06 4.40365e+06 5.82608e+06 5.48033e+06 2.84454e+06 4.02679e+06 3.50684e+06 8.80506e+06 3.68264e+06 8.8836e+06 6.58015e+06 5.54568e+06 7.31581e+06 1.37621e+07 2.34785e+06 9.84115e+06 4.74435e+06 6.95148e+06 5.07784e+06 4.06181e+06 4.9751e+06 3.96399e+06 1.85056e+06 7.87882e+06 6.22126e+06 5.3515e+06 7.26664e+06 2.97442e+06 4.08633e+06 2.65416e+06 6.97423e+06 5.00746e+06 4.63387e+06 4.92194e+06 6.15999e+06 5.94033e+06 4.5734e+06 5.84761e+06 4.50929e+06 4.86923e+06 
738557 782944 789841 1.23561e+06 595790 891226 689886 877445 935043 1.64704e+06 1.3729e+06 1.2772e+06 1.19548e+06 1.27343e+06 760761 953567 1.04417e+06 880878 1.56737e+06 995113 833261 581232 1.48968e+06 1.26426e+06 1.1053e+06 689722 1.2943e+06 305857 805161 812149 1.52239e+06 1.1052e+06 570088 881804 1.5244e+06 1.75236e+06 710171 1.02428e+06 1.08118e+06 639486 853509 1.18334e+06 1.24379e+06 1.32828e+06 719989 1.60068e+06 567035 992325 507794 1.1029e+06 777957 
113241 130628 110723 130198 168652 95362.4 69069.1 153726 127262 234136 148631 144828 119232 52203.6 156150 166476 89208.5 105689 90547.7 107502 121210 165880 63991.7 140962 118593 104294 85040.9 108668 107175 91388.3 120890 82300.7 105693 113576 101680 77737.3 92375 160226 100163 100480 107554 70000 117526 146792 85623.1 131000 79371.6 92414.3 90600.2 46866.8 43026.3 
14984.3 14267.5 9970.5 15319.1 12016.6 12631.7 10393.2 10236.9 10558.5 11335.4 14882 11418.7 11620.8 11090.2 10414.4 15305.1 9249.72 11609.3 13266 12931.1 10612.8 8623.39 11433.7 11600.4 13482.3 8295.38 6942.47 8193.44 12956.4 10675.6 7076.06 8988.48 8034.36 6658.76 16140.1 7480.14 12396.3 17513.2 11674.9 7005.65 9881.35 15392.1 9778.99 8432.55 7812.4 12033.3 8493.33 11604.7 12925.4 12064.1 8458.74 
829.236 1071.42 904.394 896.026 1091.73 948.609 1183.81 901.673 1136.45 1033.72 904.782 976.405 1011.54 918.917 1134.07 1078.86 1068.32 1033.96 978.86 1156.18 975.857 931.89 963.299 911.325 1174.08 1096.06 953.955 1136.61 956.751 991.876 860.94 906.371 865.965 934.883 909.234 985.536 984.58 955.487 957.36 932.187 1161.65 1115.54 996.738 1134.39 967.473 933.087 1105.75 1013.92 1132.55 957.472 943.398 
719.533 725.762 721.168 718.027 717.497 720.058 767.49 720.26 800.313 723.157 720.992 722.364 722.01 723.612 765.785 727.654 720.496 724.211 726.128 743.883 719.997 719.855 720.342 718.7 764.376 758.586 724.286 733.131 721.655 723.525 716.836 736.609 715.602 721.409 721.963 848.299 731.107 720.803 719.918 717.433 724.706 729.173 722.386 724.297 721.869 724.996 730.374 731.699 770.217 722.523 719.52 
716.844 717.321 716.623 715.035 714.515 716.738 718.401 714.659 715.159 718.775 718.409 718.431 717.206 715.945 714.936 714.955 714.583 716.765 715.734 715.385 715.048 716.028 715.198 715.009 715.736 729.535 714.987 719.288 718.393 715.174 714.894 727.503 714.539 716.79 718.131 716.241 714.679 715.917 715.301 715.711 718.778 720.967 715.032 716.94 718.6 715.268 726.708 724.847 725.423 716.254 714.859 
716.601 716.983 716.407 714.947 714.341 716.696 716.444 714.367 714.405 718.38 718.11 718.049 717.009 715.579 714.081 714.778 714.333 716.266 715.357 715.016 714.691 715.705 715.128 714.597 715.21 729.226 714.67 718.749 718.015 714.986 714.665 727.066 714.421 716.411 717.865 714.905 714.364 715.767 715.135 715.539 718.435 720.522 714.796 716.66 718.447 714.915 726.362 724.362 719.479 715.765 714.687 
716.274 716.857 715.966 714.795 714 716.554 716.086 713.967 714.308 718.098 717.846 717.994 716.561 715.487 713.736 714.68 713.942 716.08 715.271 714.845 714.599 715.607 714.796 714.597 715.161 729.016 714.629 718.697 717.798 714.889 714.633 726.943 714.334 716.219 717.438 714.745 714.207 715.57 714.722 715.493 718.047 720.093 714.726 716.584 718.313 714.731 726.217 724.174 719.053 715.765 714.561 
716.246 716.503 715.903 714.49 713.81 716.227 715.909 713.818 714.216 718.066 717.691 717.862 716.54 715.161 713.6 714.605 713.819 715.828 715.167 714.823 714.498 715.216 714.416 714.301 714.692 728.759 714.483 718.294 717.346 714.773 714.569 726.605 714.278 715.769 717.287 714.625 714.059 715.29 714.574 715.364 717.962 719.704 714.636 716.456 718.194 714.62 725.856 723.81 718.945 715.588 714.507 
716.246 716.477 715.903 714.486 713.809 716.197 715.62 713.817 713.955 718.066 717.69 717.561 716.54 715.101 713.6 714.485 713.819 715.629 714.914 714.532 714.28 715.198 714.415 714.264 714.479 728.536 714.299 718.269 717.339 714.282 714.316 726.582 713.926 715.674 717.286 714.304 713.824 715.178 714.573 715.063 717.962 719.699 714.357 716.132 717.982 714.275 725.844 723.777 718.457 715.383 714.313 
716.246 716.477 715.903 714.486 713.809 716.197 715.618 713.817 713.781 718.066 717.69 717.552 716.54 715.101 713.6 714.255 713.819 715.629 714.911 714.504 714.267 715.198 714.415 714.264 714.478 728.535 714.297 718.269 717.339 714.252 714.277 726.582 713.887 715.674 717.286 714.297 713.821 715.178 714.573 715.05 717.962 719.699 714.315 716.123 717.98 714.271 725.844 723.777 718.441 715.383 714.303 
716.246 716.477 715.903 714.486 713.809 716.197 715.618 713.817 713.78 718.066 717.69 717.552 716.54 715.101 713.6 714.254 713.819 715.629 714.911 714.504 714.267 715.198 714.415 714.264 714.478 728.535 714.297 718.269 717.339 714.252 714.277 726.582 713.887 715.674 717.286 714.297 713.821 715.178 714.573 715.05 717.962 719.699 714.315 716.123 717.98 714.271 725.844 723.777 718.441 715.383 714.303 
