17484.3 20615.6 16037.8 15261.1 18089.5 18306.3 16137.5 17014.8 14116.8 19440.7 19203.9 16549.2 17656.5 17408.2 17144.2 19339.9 18476 12243.2 19559.9 18618.2 14371.5 17404.9 20850.5 14831.1 14363.7 15325.1 21932 17911 16947.5 18994.1 15691.6 18898.7 12232.9 17529.2 15260.8 16279.1 14826.9 17149.3 18657.1 13703 18423.7 21546.9 20467.8 11772.1 17389.5 18626.7 15543.8 18700.7 17627.2 16212.3 21572.9 
4798.44 4410.69 4584.84 3696.13 4313.16 3612.49 3195.43 4967.16 4721.93 4370.21 5470.6 3416.02 4489.35 3098.52 4324.6 4254.86 4712.74 5038.09 5094.28 3471.64 3807.48 3889.41 5582.99 4148.1 3264.48 3184.08 4154.42 4230.21 4273.49 4090.65 3622.48 3996.49 3495.55 3639.39 3962.66 4031.5 4424.51 4499.9 3824.68 4469.03 4824.2 4714.42 2945.2 4154.18 4795.51 4079.26 4673.94 3054.79 4404.37 4041.15 5070.26 
2063.22 1895.15 1463.02 1281.5 1627.58 1369.25 1830.59 1793.76 1679.36 1566.83 1840.55 1677.16 1677.67 1389.44 1285.96 1796.27 1662.4 2249.41 1190.32 1442.5 1762.65 1622.55 1810.37 1429.62 1587.34 1375.9 1677.75 1673.3 1887.88 1637.13 1744.6 1656.45 1282.44 1693.48 1564.29 1573.18 1357.87 1593.72 1359.53 1534.75 2204.77 1656.31 1634.35 1373.79 1714.55 1478.71 1930.96 1578.07 1346.87 1547.3 1620.76 
599.356 489.5 493.55 426.2 562.345 502.08 470.177 512.953 465.548 492.788 510.34 476.6 517.949 620.119 518.968 523.498 612.006 527.103 425.733 546.668 469.106 526.142 440.911 493.284 488.056 465.929 471.899 529.121 546.158 549.973 531.419 546.848 542.095 496.545 527.091 531.987 466.419 515.835 473.605 677.735 525.576 519.192 528.773 485.791 455.177 554.699 560.363 462.592 511.282 526.744 523.563 
117.578 114.617 118.236 118.988 117.877 108.6 114.302 116.807 112.241 116.659 120.411 108.964 110.037 117.256 115.9 118.347 118.03 119.462 112.23 115.135 117.071 116.824 117.26 112.611 116 114.301 115.408 118.482 114.743 114.878 116.219 114.222 114.795 112.804 114.954 119.486 115.343 117.59 118.395 118.816 112.444 111.533 115.476 116.171 110.281 118.706 120.153 114.733 111.795 115.713 119.946 
98.4047 95.7428 98.2575 98.1099 98.1159 93.8289 94.9864 96.0491 98.1101 95.9747 95.4447 98.401 98.2161 98.1179 98.1137 95.5101 96.4669 98.1876 98.1345 98.1103 98.2237 98.1207 95.8859 98.1115 98.4032 98.1101 96.3258 98.1123 95.7925 95.6773 98.1223 98.1095 95.1468 95.4042 98.4039 98.1183 94.4052 98.1125 98.1246 98.2527 95.3309 98.1121 95.4109 98.1102 98.1074 98.1133 98.1158 97.1073 95.33 98.1153 98.2641 
98.3971 92.8072 98.1032 98.1031 98.1031 87.1504 88.7749 93.4585 98.1031 94.0626 90.8442 98.3971 98.1031 98.1031 98.1031 91.6587 93.1838 98.1031 98.1031 98.1031 98.1032 98.1031 91.2797 98.1031 98.3971 98.1031 93.756 98.1031 92.1184 92.9647 98.1031 98.1031 88.3635 89.5452 98.3971 98.1031 87.4777 98.1031 98.1031 98.1032 89.3084 98.1031 88.54 98.1031 98.1031 98.1031 98.1031 94.5741 90.2227 98.1031 98.1032 
98.3971 84.8734 98.1031 98.1031 98.1031 82.7504 85.8559 87.8911 98.1031 90.5318 87.5609 98.3971 98.1031 98.1031 98.1031 87.6436 85.9776 98.1031 98.1031 98.1031 98.1031 98.1031 87.6847 98.1031 98.3971 98.1031 88.1085 98.1031 86.219 88.132 98.1031 98.1031 83.6395 85.2909 98.3971 98.1031 83.7334 98.1031 98.1031 98.1031 85.5794 98.1031 84.5691 98.1031 98.1031 98.1031 98.1031 89.1879 84.3899 98.1031 98.1031 
98.3971 77.6844 98.1031 98.1031 98.1031 20.4822 19.0239 83.8519 98.1031 84.3187 83.7207 98.3971 98.1031 98.1031 98.1031 45.9476 81.8204 98.1031 98.1031 98.1031 98.1031 98.1031 26.7997 98.1031 98.3971 98.1031 82.6592 98.1031 80.8295 84.4292 98.1031 98.1031 79.529 79.2793 98.3971 98.1031 76.1069 98.1031 98.1031 98.1031 22.5059 98.1031 79.4502 98.1031 98.1031 98.1031 98.1031 86.9575 80.3582 98.1031 98.1031 
98.3971 12.0074 98.1031 98.1031 98.1031 9.97166 10.9127 75.8356 98.1031 77.8175 15.817 98.3971 98.1031 98.1031 98.1031 13.4165 76.4604 98.1031 98.1031 98.1031 98.1031 98.1031 16.5674 98.1031 98.3971 98.1031 76.2778 98.1031 70.5041 17.9595 98.1031 98.1031 75.5213 10.5449 98.3971 98.1031 10.7693 98.1031 98.1031 98.1031 11.5051 98.1031 30.7486 98.1031 98.1031 98.1031 98.1031 18.6287 75.6882 98.1031 98.1031 
98.3971 8.55832 98.1031 98.1031 98.1031 5.96035 6.72741 8.96471 98.1031 13.8701 8.27955 98.3971 98.1031 98.1031 98.1031 10.3023 66.2382 98.1031 98.1031 98.1031 98.1031 98.1031 10.5536 98.1031 98.3971 98.1031 10.0194 98.1031 10.8584 11.0373 98.1031 98.1031 11.0763 6.27921 98.3971 98.1031 6.32838 98.1031 98.1031 98.1031 6.8086 98.1031 9.67106 98.1031 98.1031 98.1031 98.1031 11.5604 69.8126 98.1031 98.1031 
98.3971 5.39329 98.1031 98.1031 98.1031 2.4378 4.0349 5.40486 98.1031 7.58365 5.93405 98.3971 98.1031 98.1031 98.1031 5.93966 9.74478 98.1031 98.1031 98.1031 98.1031 98.1031 5.95825 98.1031 98.3971 98.1031 5.94483 98.1031 6.4098 7.00179 98.1031 98.1031 5.79761 4.24496 98.3971 98.1031 3.8192 98.1031 98.1031 98.1031 4.75134 98.1031 5.2287 98.1031 98.1031 98.1031 98.1031 7.03386 56.5701 98.1031 98.1031 
98.3971 0.72116 98.1031 98.1031 98.1031 0.173572 0.254347 0.72032 98.1031 4.22478 0.731232 98.3971 98.1031 98.1031 98.1031 0.848936 5.42618 98.1031 98.1031 98.1031 98.1031 98.1031 2.99261 98.1031 98.3971 98.1031 1.13266 98.1031 4.46417 5.49987 98.1031 98.1031 0.652818 0.550924 98.3971 98.1031 0.547752 98.1031 98.1031 98.1031 0.645839 98.1031 0.699265 98.1031 98.1031 98.1031 98.1031 4.50087 0.774921 98.1031 98.1031 
98.3971 0.217424 98.1031 98.1031 98.1031 0.016046 0.0142856 0.186752 98.1031 0.465502 0.559632 98.3971 98.1031 98.1031 98.1031 0.523556 0.750531 98.1031 98.1031 98.1031 98.1031 98.1031 0.719715 98.1031 98.3971 98.1031 0.360542 98.1031 0.563218 0.727096 98.1031 98.1031 0.0312679 0.00277113 98.3971 98.1031 0.0248239 98.1031 98.1031 98.1031 0.0036562 98.1031 0.101296 98.1031 98.1031 98.1031 98.1031 0.563052 0.144894 98.1031 98.1031 
