607.236 614.163 595.574 576.276 612.573 613.612 581.87 596.917 617.912 606.435 624.372 587.015 564.23 599.259 584.815 619.168 588.209 557.969 593.104 618.741 584.392 602.978 582.248 571.721 572.265 581.274 584.569 565.456 600.939 577.134 576.306 579.745 540.86 626.928 568.642 559.054 622.557 569.146 624.684 591.84 603.567 614.11 532.354 560.401 633.569 548.522 609.579 584.101 619.501 581.5 623.688 
486.849 440.376 469.148 490.847 456.986 439.931 488.366 470.25 472.774 483.057 492.299 479.228 479.252 465.157 487.763 512.267 440.678 431.851 484.307 479.252 500.735 502.286 467.543 490.437 475.089 480.767 475.95 453.762 435.368 475.188 490.899 482.44 458.403 526.596 444.385 476.505 469.546 511.272 503.433 470.082 467.011 442.029 463.282 468.944 513.691 465.284 478.265 488.278 489.178 485.853 494.843 
425.567 440.376 424.504 449.177 420.933 437.856 427.375 433.228 440.972 433.157 451.938 433.011 428.927 415.93 436.703 418.058 422.649 423.284 432.204 439.402 446.257 436.915 417.53 427.401 442.088 400.99 427.279 429.938 429.093 390.134 451.345 417.965 436.01 422.496 434.826 436.032 438.647 431.533 430.292 440.853 432.396 427.572 409.532 441.553 435.762 439.19 437.338 423.108 444.665 440.549 446.453 
403.131 388.725 407.488 379.138 390.035 399.076 395.045 380.322 392.89 396.15 380.97 416.128 406.548 351.806 373.224 398.992 392.6 405.35 406.515 409.068 390.243 398.121 412.53 405.073 407.111 400.99 405.569 403.888 367.852 380.256 408.288 374.331 395.472 363.225 397.515 373.892 396.487 396.079 360.695 404.156 363.801 400.39 363.035 376.21 416.31 398.302 373.515 406.345 395.445 377.882 392.091 
355.505 373.466 367.814 349.587 355.046 359.581 368.803 364.744 352.615 361.587 354.618 373.28 357.372 351.806 330.093 361.239 326.388 378.159 334.626 360.152 340.506 335.673 340.154 368.207 345.138 381.504 366.537 369.75 349.444 339.719 363.587 373.635 338.326 360.627 355.601 339.265 351.02 355.783 354.091 355.384 363.543 342.624 363.035 348.302 357.761 370.466 348.415 360.736 355.736 356.616 349.911 
322.527 313.589 273.886 313.975 324.827 317.054 314.738 287.457 270.485 316.255 316.328 324.731 317.298 298.224 304.018 286.198 309.071 330.287 315.564 311.949 325.944 286.17 302.814 305.768 311.146 333.562 318.959 306.726 305.964 284.12 312.845 312.043 280.105 282.671 324.834 324.12 316.84 301.643 300.067 306.108 320.087 307.547 320.905 319.252 320.04 324.694 327.909 327.006 325.598 288.373 328.764 
289.908 281.358 273.886 286.097 277.146 264.679 274.608 286.868 269.645 274.057 280.284 258.192 261.671 270.378 260.98 251.921 285.306 284.122 282.132 267.928 290.02 272.256 279.972 271.984 283.439 280.038 262.657 287.107 269.591 284.12 283.544 264.629 276.254 252.049 266.227 275.472 283.422 272.351 286.175 281.591 281.501 282.399 293.369 279.919 284.044 281.838 257.89 291.99 255.444 273.035 269.556 
227.695 238.244 252.012 253.766 245.49 249.355 238.081 242.315 237.979 229.587 234.412 251.528 208.418 196.541 237.243 251.168 248.681 241.225 252.767 248.444 248.737 232.204 235.468 238.007 194.082 227.635 222.846 246.633 228.982 244.389 228.581 239.976 239.495 230.41 225.252 248.84 225.95 252.177 246.285 200.396 245.506 246.678 247.044 234.274 222.952 228.585 232.022 244.862 214.247 230.743 227.989 
215.783 215.09 204.137 217.29 209.019 216.687 203.07 208.47 228.469 217.167 227.448 227.781 206.636 180.605 209.425 183.248 221.482 197.099 218.115 207.021 203.119 203.515 213.077 217.007 194.082 219.308 210.297 215.812 191.624 225.916 220.054 210.603 219.035 204.249 217.293 198.493 214.753 233.833 207.842 198.566 225.08 203.928 202.447 222.238 211.287 221.179 225.962 207.152 214.247 195.805 203.085 
140.854 143.63 150.012 148.592 139.167 147.152 133.748 146.531 145.509 146.309 154.642 138.619 143.549 142.305 132.548 146.258 142.316 140.86 145.245 149.184 135.061 149.053 132.046 161.944 147.912 134.968 147.837 135.196 135.806 124.006 146.44 139.847 143.094 141.549 146.624 148.082 155.806 146.533 149.53 141.283 147.285 158.552 132.652 162.317 154.071 137.534 151.688 159.452 147.227 136.042 142.379 
95.6311 91.4761 96.4146 101.255 85.753 93.391 97.6666 94.637 82.4902 92.7557 90.386 80.5874 99.3138 86.7748 83.7946 93.9651 89.5045 94.5428 93.0573 86.1113 92.2105 92.4975 82.0593 95.7746 92.9473 95.2635 99.1186 82.706 98.6318 80.6911 94.3894 91.2061 89.1434 93.9122 97.0438 90.5444 90.2162 86.881 89.0336 73.426 97.0388 95.6832 83.0354 95.0468 95.1675 90.0104 92.6649 89.0349 96.0309 90.4401 77.5479 
42.3322 47.4792 41.7182 26.1771 47.6969 47.9783 24.5618 41.4382 49.9695 48.2709 53.2758 53.6963 48.5942 47.8342 26.8202 44.2367 45.904 41.1064 41.0547 48.1625 52.6998 50.4136 45.4454 45.9586 52.3792 49.6457 45.6214 24.9731 49.5754 40.0652 28.9022 39.73 48.4252 45.9503 27.2366 45.4904 46.697 37.7965 49.8157 42.4728 32.0869 46.93 43.6325 47.8482 34.9708 42.5072 53.1424 44.3776 36.1504 42.3082 38.676 
9.61849 4.30626 5.19629 0.0443647 5.5164 5.84018 0.013091 1.99084 2.72419 2.98274 2.29728 3.45301 8.03432 2.14061 0.530741 1.31878 2.74159 6.31573 4.78191 1.1881 6.49716 4.64068 4.6268 5.53459 7.29131 3.28639 6.48035 0.135897 1.87881 1.07122 3.1214 2.60937 7.50855 4.55154 0.00367346 5.90742 1.8306 5.26266 8.77968 5.95594 0.516273 2.38217 2.59885 1.08637 4.95194 4.75234 6.76621 11.2821 0.0825004 4.02953 4.35349 
0 0 0 0 0 0 0 0 0 0 0 0 0 0 0 0 0 0 0 0 0 0 0 0 0 0 0 0 0 0 0 0 0 0 0 0 0 0 0 0 0 0 0 0 0 0 0 0 0 0 0 
