119.204 235.617 565.653 74.8579 46.5317 148.918 46.1219 232.801 249.905 452.16 459.266 107.395 404.69 33.6928 77.5737 26.469 232.516 145.604 45.6062 125.938 211.626 364.055 22.3496 222.296 198.663 209.759 64.9683 220.759 71.2554 250.105 101.642 219.341 667.983 295.073 274.208 89.2412 82.9163 372.627 330.325 56.2284 208.069 78.6894 164.49 105.623 684.087 650.034 68.8744 218.467 101.743 75.6857 44.9034 
7.34218 10.2474 11.651 11.5599 16.3483 15.8339 10.5179 9.46558 13.9026 10.2416 9.693 9.75319 10.0464 7.3548 11.3832 14.6014 11.9467 13.7902 9.50903 18.8936 22.9229 13.4953 15.0923 11.6104 23.5544 18.7909 10.7855 19.9567 10.2097 22.9958 12.9466 11.2413 11.7191 14.5779 12.0871 11.3856 14.6157 13.9237 14.0115 9.259 19.7446 12.9898 13.1704 15.4864 11.4586 12.138 13.0832 12.2963 12.4187 9.3361 13.0544 
5.24634 6.72541 9.03409 7.32661 6.96763 8.18583 6.49921 8.1979 7.10106 7.0855 5.06109 7.96696 7.5387 4.60226 7.19028 3.46599 8.57824 8.19643 8.0275 5.86378 8.20238 8.26578 7.20272 7.07896 9.2747 7.95401 7.75119 5.4249 9.15899 6.81072 6.29909 5.99591 7.7447 6.62738 8.86077 6.25703 6.90261 8.70157 9.61988 7.43411 5.54692 6.20392 9.83295 11.0151 7.28597 7.04711 6.87342 7.01722 4.92127 6.2464 8.14883 
4.25342 4.95506 4.29048 4.18687 3.56227 4.17988 4.33986 3.72307 3.38717 4.36859 4.24754 4.4162 4.10892 4.60226 4.28475 3.46599 4.99201 4.20729 5.08442 4.11202 3.67291 3.5975 4.38941 4.7623 5.10119 3.00827 4.38981 4.13683 5.48612 4.55786 4.31295 4.86961 4.32853 3.9693 4.31114 4.96535 3.99822 5.36971 3.94955 4.21899 4.94002 4.29747 2.96549 4.94184 3.25703 3.40047 4.14504 4.63052 4.92127 3.3228 5.908 
3.85957 4.37337 3.33452 2.94515 3.56227 2.97042 3.56344 2.6518 3.38717 3.52486 1.39334 2.99018 3.29201 3.56319 2.34755 3.36522 3.3499 3.80935 3.01983 3.54246 3.45326 3.09641 3.1161 3.72926 3.55944 2.64607 3.9723 3.40105 3.30292 2.81374 3.33159 3.82284 2.90818 3.16831 2.87899 2.989 3.13743 2.17736 3.51735 3.18627 3.82392 2.37525 2.96549 3.84282 3.25703 3.40047 3.52565 3.01643 3.50858 3.3228 3.23947 
1.88158 2.43467 2.48367 2.25824 2.31025 2.28895 2.56026 2.14119 2.75964 2.08628 1.39334 2.33394 2.44957 2.32031 1.83337 2.60688 3.10491 2.70211 2.29335 2.25588 2.37156 2.75589 2.41732 2.48162 2.33996 2.56488 2.42106 2.15965 2.31132 2.63833 2.5931 2.46199 2.29298 2.14618 2.65955 2.15109 1.57204 2.16453 2.64202 2.54157 2.15539 1.69195 1.61152 2.12266 2.44306 1.10456 1.98652 2.17926 2.73152 2.61677 1.64413 
0.830659 1.88462 0.858412 1.21063 1.32199 1.4877 1.51368 1.11227 1.49495 1.6343 1.39334 1.7948 1.46007 1.7625 1.76349 1.38277 1.68162 1.20982 1.95111 1.04077 1.43892 1.98662 1.51667 1.53186 1.45695 1.5176 1.1939 1.44701 1.74758 1.95016 1.48725 1.35999 1.37757 1.55739 1.21417 1.39056 1.57204 0.958071 1.05155 2.47659 1.00711 1.69195 1.41562 1.22386 1.6842 1.02767 1.2454 1.77768 1.3402 1.23926 1.54782 
0.744852 1.27228 0.84051 1.12099 1.24659 1.37157 1.19688 0.931344 1.18739 1.1872 1.22523 1.1844 1.36791 1.10748 1.19976 1.09698 1.1347 1.18754 1.44957 0.87939 1.23412 1.25766 1.18545 0.979707 1.36993 1.30797 0.988657 1.05636 1.28179 1.2031 0.868976 0.931131 1.03149 1.25924 1.02727 0.859655 1.09874 0.878752 0.795472 0.786266 0.739832 0.878593 1.24901 1.07414 0.912325 0.949818 1.04806 0.938215 0.909618 1.0276 1.1551 
0.682631 1.10933 0.701085 0.654543 0.855692 0.936794 0.83221 0.529426 0.812463 0.995269 0.664989 1.17948 1.12767 1.07464 1.00427 1.00902 1.00143 0.975848 1.23441 0.796808 1.0534 0.933342 0.773459 0.852389 0.98189 0.679172 0.799276 0.594138 1.19182 1.01132 0.772561 0.780071 0.742321 0.773049 0.979308 0.815278 0.738238 0.831786 0.652119 0.701313 0.66878 0.719501 1.09746 1.0419 0.720172 0.778585 0.750378 0.846376 0.860544 0.896188 0.833487 
0.611918 1.01108 0.458558 0.63985 0.72866 0.933528 0.735525 0.315128 0.552644 0.856971 0.427294 1.08093 0.835086 0.705631 0.644669 0.747833 0.778717 0.773147 0.892717 0.654456 0.836851 0.7574 0.531491 0.66085 0.642684 0.586293 0.586569 0.524203 1.12829 0.630076 0.700467 0.519526 0.636548 0.593333 0.544194 0.722574 0.554222 0.581775 0.626075 0.641102 0.523429 0.655544 0.790515 0.758033 0.622791 0.678941 0.630074 0.648076 0.799306 0.650093 0.719873 
0.555882 0.623483 0.404072 0.613514 0.637327 0.740874 0.635526 0.283743 0.319281 0.539811 0.362279 0.702125 0.796896 0.640049 0.57258 0.63405 0.696226 0.519321 0.470032 0.611576 0.574919 0.616732 0.511951 0.64076 0.459214 0.575388 0.50207 0.466963 0.733207 0.587431 0.618582 0.460733 0.600876 0.455303 0.43994 0.630275 0.477287 0.446252 0.498907 0.571719 0.471389 0.574777 0.536419 0.647977 0.538559 0.479484 0.601483 0.605035 0.72505 0.43532 0.588776 
0.516998 0.50092 0.382517 0.539853 0.588964 0.374972 0.566662 0.281463 0.286238 0.248547 0.347429 0.526355 0.602806 0.625942 0.526568 0.569221 0.559354 0.453107 0.402169 0.500791 0.481047 0.548483 0.496317 0.563912 0.426158 0.542695 0.483315 0.439909 0.573965 0.540396 0.569609 0.395693 0.514833 0.412822 0.42793 0.553089 0.440017 0.382599 0.469615 0.520375 0.400082 0.413399 0.442443 0.617654 0.419735 0.428289 0.464876 0.5495 0.684577 0.398223 0.474619 
0.438909 0.27365 0.352395 0.441446 0.402343 0.322651 0.47014 0.250585 0.261498 0.207159 0.324204 0.403575 0.52883 0.432164 0.34111 0.434203 0.399145 0.320548 0.363616 0.336251 0.261162 0.486816 0.466847 0.407421 0.365221 0.517354 0.342647 0.378335 0.390568 0.487926 0.465615 0.32825 0.411526 0.327448 0.403342 0.447913 0.361949 0.364232 0.442923 0.425598 0.384563 0.276652 0.377201 0.543806 0.387714 0.333656 0.372302 0.370934 0.517156 0.310412 0.274319 
0.438909 0.273579 0.352395 0.434658 0.402343 0.322651 0.47014 0.216777 0.261498 0.207159 0.324045 0.403574 0.528786 0.432078 0.341054 0.396579 0.399145 0.317934 0.355153 0.261433 0.261161 0.453043 0.466847 0.407341 0.365213 0.517076 0.341649 0.378335 0.390568 0.448648 0.465602 0.32825 0.397631 0.327448 0.403168 0.377807 0.334437 0.364232 0.442923 0.425405 0.384563 0.276647 0.365643 0.543803 0.387714 0.227495 0.372302 0.288955 0.517156 0.310412 0.274319 
