13.7994 13.6184 13.5509 13.7169 13.4806 13.8687 13.8453 13.7668 13.45 13.8543 13.7774 13.9765 13.4425 13.7033 13.6899 13.5749 13.6695 13.5085 13.6609 13.3402 13.4531 13.4211 13.2812 13.1061 13.8971 13.5722 13.6811 13.2593 13.993 13.5229 13.4847 13.7374 13.4019 13.8512 13.7477 13.2094 13.8697 13.5006 13.4076 13.7928 13.591 13.6006 13.8446 13.8179 13.627 13.6023 13.6934 13.6582 13.8475 13.6509 13.532 
13.6072 13.6184 13.3387 13.5735 13.393 13.3692 13.2675 13.3648 12.943 13.5193 13.6477 13.7093 13.4425 13.4471 13.5921 13.5749 13.5104 13.5085 13.0074 13.3402 13.4531 13.2094 13.2812 13.1061 13.5794 13.5722 13.4651 13.2593 13.5269 13.4014 13.4847 13.6528 13.4019 13.6668 13.1112 13.2094 13.6253 13.446 13.4076 13.345 13.1502 13.6006 13.8408 13.4369 13.2849 13.6023 13.5132 13.4693 13.438 13.4864 13.532 
13.3842 13.2702 13.3108 13.5735 13.3254 13.3692 13.2675 13.3648 12.943 13.4546 13.6477 13.53 13.4425 13.4471 13.2117 13.1399 13.3861 13.4381 13.0074 13.3402 13.4531 13.2094 13.2812 13.1061 13.5794 13.5722 13.4651 13.2593 13.5269 13.4014 13.4847 13.5081 13.4019 13.5875 13.1112 13.2094 13.1987 13.446 13.4076 13.3431 13.1502 13.4785 13.573 13.3286 13.2849 13.2683 13.5132 13.4693 13.4145 13.3872 13.532 
12.9667 13.2702 13.3108 13.3832 13.3254 13.3692 13.2675 13.2196 12.943 13.4546 13.6018 13.4807 13.3615 13.4471 13.2117 13.1399 13.205 13.4381 13.0074 13.3402 13.2455 13.1557 13.2812 13.0866 13.3835 13.2367 12.7526 13.0775 12.9108 13.4014 13.3215 13.4495 13.1847 13.5027 13.1075 13.2094 13.0449 13.446 13.4076 13.3431 13.1502 13.4785 13.2206 13.3286 13.2849 13.2683 13.5132 13.4693 13.333 13.1597 12.7891 
12.7822 13.2702 13.2454 13.2542 13.2734 13.2001 13.2675 12.8632 12.943 13.3401 13.4418 13.223 13.0766 13.2626 12.6793 13.1399 12.9777 13.0192 12.8037 13.0014 13.2434 12.8481 13.2418 12.6406 13.2651 12.9298 12.5527 13.0775 12.9108 12.879 13.299 13.0934 12.9689 13.3192 12.7402 13.0164 13.0449 12.9488 12.7963 13.3042 12.9891 13.1525 12.9952 13.2015 12.9918 12.952 13.3494 12.9241 13.1632 13.1597 12.7891 
12.5706 12.9733 12.6704 12.81 12.9321 13.0202 12.9157 12.5428 12.8978 12.9649 12.8732 12.8212 12.8934 12.4887 12.6793 12.7835 12.6839 12.3814 12.7043 12.9021 12.5169 12.4926 12.6045 12.322 12.9458 12.8707 12.5527 12.9355 12.7051 12.8181 12.8906 12.4409 12.9689 12.6012 12.7402 12.9304 12.8788 12.7425 12.4699 12.9878 12.8233 12.7482 12.6318 12.6643 12.7036 12.952 13.1065 12.749 12.8449 12.8196 12.6164 
12.5297 12.715 12.508 12.809 12.7168 12.3641 12.6609 12.5428 12.6245 12.5243 12.3518 12.4787 12.5031 12.4887 12.6577 12.7702 12.6839 12.1142 12.6996 12.5309 12.5169 12.4319 11.8237 12.322 12.5735 12.3234 12.5527 12.4959 12.6668 12.7366 12.7891 12.4409 12.4418 12.6012 12.5484 12.8333 12.2376 12.4714 12.4699 12.4999 12.6344 12.6513 12.6318 12.3187 12.7036 12.4611 12.5834 12.4994 12.3009 12.7611 12.6164 
12.1849 12.6216 11.4611 12.3056 12.5095 12.3641 12.1392 12.3171 11.9593 12.5124 12.3518 12.4787 12.302 12.415 12.2365 12.4324 11.9249 12.1142 12.5601 12.494 12.5169 12.4319 11.8237 12.2605 12.5408 12.3234 12.5527 12.1111 12.2162 12.7366 12.6816 12.0159 12.4418 12.2956 12.3394 12.2217 12.136 12.4714 12.4417 12.411 12.2414 11.7878 12.6318 12.3187 12.1736 12.4611 11.6779 12.4994 11.9105 11.7692 12.6164 
12.0086 11.8777 11.4611 11.8336 12.049 12.2909 11.8024 11.8789 11.3268 12.3603 12.0677 12.1236 11.9793 12.1811 12.1403 12.2733 11.9249 12.0001 12.3633 12.1883 11.8137 11.9525 11.8237 11.1813 12.0976 12.1418 12.4088 11.9898 12.1856 12.1239 11.9228 11.9566 11.6607 11.3337 12.0722 12.0518 12.0331 12.0018 11.7159 12.007 11.9929 11.61 11.674 11.8634 12.1486 11.3998 11.5975 12.1211 11.9105 11.7692 12.2366 
11.6199 11.611 11.324 11.2745 11.5515 11.7576 11.4675 11.7528 10.8714 11.9206 11.6785 11.1634 11.6724 11.3523 11.6796 11.9302 11.9249 11.1402 11.8772 11.9752 11.6887 11.5846 11.6864 11.1813 11.7214 12.0306 11.5062 11.58 11.1382 11.7977 11.899 11.95 11.6498 11.3337 11.7664 11.2081 11.1639 10.9339 11.5058 11.408 11.5282 11.509 10.6786 11.8634 11.7398 11.3998 11.1706 11.3108 11.8014 11.4164 11.5765 
11.2276 10.5047 11.1009 10.8002 10.3922 11.3599 11.3759 11.321 10.6922 10.8344 10.348 11.1634 11.4925 10.7427 11.5574 11.3322 11.4876 10.7865 11.2099 11.4195 11.3736 10.8189 10.2489 10.854 10.5114 10.8637 11.5062 10.0956 11.0006 11.514 11.5136 11.2037 11.2348 11.1395 10.9342 10.5172 11.1308 9.97419 9.7577 10.9039 11.2452 11.0081 9.93229 10.3412 10.0889 11.1408 10.5618 9.37324 11.5229 11.4035 10.8094 
9.97752 9.55339 10.6381 9.49088 9.76906 11.2818 11.0734 10.7216 9.78936 9.78634 9.25389 10.8426 9.65118 10.3988 11.4815 10.7943 10.3681 9.68826 10.9401 11.4058 11.1065 9.8174 9.92954 9.58254 9.21534 10.0723 11.4588 8.5954 11.0006 11.2136 11.3291 11.1124 11.1927 11.0423 10.8205 9.81735 9.12272 9.24342 9.27966 10.1489 10.1538 10.8188 9.05126 9.50038 9.5204 9.96087 10.1638 8.48096 10.5314 10.8732 9.98736 
8.46475 8.99332 10.4813 8.30347 8.86794 10.9224 10.4728 10.4286 9.08879 9.41877 8.82568 9.97649 8.40136 9.20622 10.2112 10.3492 9.07051 8.75636 9.03834 9.22405 9.619 8.83859 8.08639 8.84159 8.38704 9.01759 10.2099 8.09107 10.98 9.73546 9.72109 9.96369 10.9248 10.6248 8.46315 8.94059 8.25423 8.99 8.34746 9.08336 9.12879 9.93051 8.64843 9.05255 8.87693 8.3464 9.3122 7.28648 9.69906 9.97405 9.19707 
7.74215 8.21333 8.68054 7.1038 7.89845 7.47276 9.38187 9.84925 7.74828 9.07823 8.27071 8.15503 5.2813 8.32909 7.97777 9.60128 6.78154 7.79097 6.47424 8.21658 8.43859 8.03086 6.73974 7.43898 7.64342 8.38774 9.28093 7.37737 9.70053 7.85378 8.35415 8.57662 9.74056 9.76799 7.37305 7.94177 7.28795 8.58818 7.76945 7.85651 7.63173 8.54883 8.12163 8.12612 7.61619 6.93114 6.47864 6.25739 9.43116 8.53294 6.91289 
