181.607 201.421 244.87 230.483 221.008 210.482 178.569 191.441 223.423 198.635 196.678 200.84 158.851 173.134 223.632 212.211 238.491 231.623 227.57 191.592 223.122 212.69 186.001 212.915 203.777 222.163 217.065 222.09 220.814 202.028 205.981 212.888 219.106 182.391 226.903 189.138 237.153 238.08 200.536 226.242 226.249 213.072 209.233 204.985 168.123 239.882 223.886 220.478 233.995 188.567 182.924 
76.6283 60.7068 92.4304 93.7825 76.9039 92.522 95.9 93.1889 78.6787 90.623 76.9655 99.2887 83.2507 82.0855 86.8837 74.9421 67.4542 86.3237 87.7979 84.1985 83.5536 98.6742 94.6516 79.8628 78.6658 75.588 100.478 90.4354 77.2066 69.2424 84.9972 82.306 84.4003 79.0095 86.6187 89.9224 92.6099 89.8182 80.194 89.8405 91.7884 76.3995 86.6719 82.8567 69.0984 98.4491 92.3926 97.6111 92.2541 79.1888 85.5459 
33.0063 32.7729 27.4999 39.6827 39.1789 39.1904 32.2756 27.918 30.5639 44.5687 35.3184 38.7137 39.573 39.87 43.2525 42.8833 37.582 34.0143 41.3406 38.8634 44.2773 33.5416 42.345 36.726 35.5406 39.808 32.6325 39.0028 45.303 40.2931 24.1064 32.3684 35.4784 34.6285 34.1939 36.6228 22.2315 43.8749 44.6915 46.9523 30.9069 41.8978 38.2417 38.6033 35.4291 41.9925 39.9734 41.0825 30.834 36.8474 38.6568 
3.57515 2.71181 3.19391 0.999849 1.6927 0.526729 6.94873 1.38227 1.20248 3.28734 3.64838 0.681858 1.63117 2.38512 0.721773 2.36737 3.4792 3.59091 3.37146 3.70007 1.24669 2.50645 4.0004 1.63901 1.66821 2.76774 3.99732 5.58796 2.59776 2.80729 8.07839 3.18825 4.25692 3.37092 2.60304 1.78313 5.59613 1.75628 1.00601 5.703 2.85984 9.10977 1.69548 1.30062 0.903523 0.938063 0.938518 4.94162 2.90781 3.9555 5.86766 
0.402006 0.438299 0.36984 0.385555 0.493951 0.427138 0.351934 0.363421 0.448417 0.478691 0.381321 0.368807 0.456039 0.375594 0.400524 0.402051 0.406832 0.462987 0.443753 0.495762 0.414715 0.370881 0.427072 0.445944 0.417208 0.422871 0.471936 0.433337 0.491347 0.427387 0.482957 0.394233 0.35542 0.334686 0.500698 0.403987 0.403517 0.467549 0.44226 0.436608 0.425431 0.348918 0.454236 0.350563 0.370752 0.375461 0.327095 0.409812 0.39039 0.457902 0.43511 
0.321378 0.389601 0.36984 0.385555 0.332145 0.35605 0.351934 0.315805 0.432822 0.424483 0.371959 0.358067 0.399316 0.375594 0.37378 0.380587 0.397208 0.405514 0.443753 0.411588 0.414715 0.370881 0.370487 0.317975 0.414795 0.422871 0.426118 0.388402 0.331667 0.365215 0.435253 0.366384 0.333647 0.334686 0.434078 0.403987 0.333806 0.39072 0.412756 0.431846 0.347046 0.348918 0.447702 0.321664 0.337051 0.375461 0.327095 0.341624 0.35108 0.396035 0.334963 
0.321378 0.389601 0.36984 0.289681 0.332145 0.345204 0.351934 0.315805 0.358209 0.423723 0.371959 0.358067 0.394408 0.375594 0.369684 0.380587 0.33965 0.405514 0.383255 0.37798 0.351771 0.313786 0.303067 0.317975 0.374331 0.404733 0.426118 0.388402 0.331667 0.322871 0.435253 0.362998 0.333647 0.334686 0.411854 0.343786 0.333806 0.39072 0.391874 0.381002 0.347046 0.348918 0.384274 0.321664 0.337051 0.336341 0.327095 0.341624 0.35108 0.341457 0.334963 
0.321378 0.389601 0.352526 0.289681 0.332145 0.345204 0.351934 0.315805 0.358209 0.345242 0.371959 0.358067 0.394408 0.375594 0.369684 0.380587 0.33965 0.400442 0.383255 0.37798 0.351771 0.313786 0.303067 0.317975 0.374331 0.404733 0.410499 0.348975 0.331667 0.322871 0.39001 0.305651 0.333647 0.334686 0.367754 0.343786 0.333806 0.376527 0.391874 0.315108 0.347046 0.348918 0.384274 0.321664 0.337051 0.336341 0.327095 0.341624 0.35108 0.341457 0.334963 
0.321378 0.389601 0.352526 0.289681 0.332145 0.345204 0.351934 0.315805 0.358209 0.330138 0.331196 0.358067 0.394408 0.371691 0.345788 0.380587 0.33965 0.360129 0.3361 0.37798 0.351771 0.313786 0.270215 0.317975 0.29195 0.349573 0.410499 0.307987 0.331667 0.322871 0.39001 0.305651 0.333647 0.334686 0.342131 0.328609 0.333806 0.376527 0.391874 0.315108 0.347046 0.348918 0.384274 0.321664 0.337051 0.336341 0.327095 0.341624 0.35108 0.341457 0.334963 
0.304205 0.350112 0.352526 0.289681 0.332145 0.345204 0.284684 0.315805 0.358209 0.266334 0.331196 0.358067 0.360686 0.365844 0.305639 0.380587 0.319254 0.360129 0.273049 0.340335 0.313474 0.313786 0.270215 0.317975 0.29195 0.318401 0.339794 0.307987 0.294937 0.322871 0.39001 0.296844 0.333647 0.334686 0.342131 0.328609 0.323388 0.317887 0.347842 0.315108 0.291122 0.287113 0.384274 0.288664 0.280734 0.336341 0.327095 0.341624 0.307078 0.2851 0.334963 
0.279017 0.350112 0.352526 0.229083 0.274804 0.345204 0.240084 0.315805 0.358209 0.261716 0.331196 0.358067 0.302356 0.36058 0.271177 0.380587 0.319254 0.311479 0.273049 0.289141 0.313474 0.313786 0.270215 0.294938 0.29195 0.309888 0.30733 0.296807 0.228859 0.322871 0.39001 0.219389 0.280055 0.302638 0.302365 0.328609 0.288241 0.29322 0.324203 0.24631 0.263208 0.287113 0.360559 0.287896 0.227083 0.31308 0.305777 0.341624 0.258267 0.284038 0.304609 
0.268232 0.309393 0.352526 0.229083 0.255994 0.282731 0.235057 0.315805 0.358209 0.261716 0.331196 0.358067 0.288322 0.355699 0.271177 0.352537 0.319254 0.295605 0.273049 0.289141 0.312912 0.313786 0.265163 0.29001 0.287814 0.288281 0.282218 0.293439 0.223963 0.262395 0.39001 0.195809 0.276911 0.302638 0.302365 0.328609 0.286182 0.287224 0.324203 0.24631 0.263208 0.255951 0.319898 0.274966 0.227083 0.276853 0.280805 0.341624 0.258267 0.26126 0.295785 
0.268232 0.309393 0.352526 0.229083 0.245657 0.282731 0.200341 0.315805 0.358209 0.261716 0.331196 0.358067 0.288322 0.355699 0.265233 0.352537 0.319254 0.295605 0.250761 0.289141 0.290956 0.313786 0.239359 0.284353 0.280099 0.261247 0.282218 0.268443 0.221809 0.262395 0.39001 0.195809 0.276664 0.302638 0.279281 0.328609 0.278251 0.264912 0.278645 0.24631 0.263208 0.236379 0.282561 0.272142 0.219478 0.274335 0.280805 0.341624 0.258267 0.26126 0.295785 
0.245712 0.269058 0.333616 0.221632 0.228545 0.248729 0.200341 0.27542 0.263319 0.261716 0.331196 0.341044 0.263918 0.255465 0.242974 0.280929 0.307989 0.289882 0.246044 0.270763 0.27654 0.267234 0.224815 0.26662 0.266617 0.245242 0.262599 0.249691 0.188509 0.229097 0.334634 0.192413 0.262658 0.286853 0.277276 0.237453 0.274143 0.245287 0.27244 0.24241 0.25459 0.224212 0.257898 0.256095 0.217894 0.257993 0.273114 0.317506 0.2461 0.247726 0.251832 
