26920.4 26217.8 27964.5 26120.1 27722.5 27617.1 27366.4 28127.1 28371.6 26734 27508.1 29532.1 26685 27219.2 27733.6 27862.4 27875.7 28030.4 27992.4 24144.3 26707.1 26385.2 26524.1 26199.2 24131.3 27379.2 25664.2 26044.3 24318.4 27295.9 24194.8 26801.7 26201.1 28441.7 26988 26283.9 26878.3 28547.5 24543.6 26819.5 26081.8 26482.8 26963.8 25988.8 27559.6 26188.1 28416.7 26727.4 27905.6 26017.7 26716 
18119.6 16157.2 15434.5 14600.3 17405.3 18250.3 17226.3 18139.8 20216.1 19645.1 17582.5 18983.1 18599.4 15986.1 18282.2 16369 19604.8 16085.3 19003.9 16825.3 16303.1 16876.3 19392.5 14375.3 15460.5 16932 19552.6 16855.1 14008.6 16010.4 17417.5 17931.5 18731.5 14808.9 19017.8 18095.8 16472.4 14281.7 15937.4 19038.4 16827.9 18469.8 18109 15293.8 17212.9 18797.9 17590.7 15226.7 16823.4 15288.9 15824.8 
9178.47 8298.96 6917.39 6673.55 9748.74 7382.39 9247.26 9389.5 14204.6 12526 10511.4 8986.48 10923.8 8675.85 10532.8 7990.5 14045.8 7239.8 9235.89 7622.71 7422.21 8724.73 13471.5 5847.31 6658.27 7792.06 13410.4 11227.2 5827.98 6436.76 8344.86 9753.58 10884.5 6530.64 12327.7 10216.5 7367.13 6554.34 7031.31 9541.92 10451.8 11406.3 10836.3 8240.27 7825.15 10348.9 10673.6 7356.05 8726.62 9007.25 8513.87 
4165.1 3964.3 3788.59 3835.35 4532.04 3794.31 4516.02 4117.15 5137.36 4921.98 4369.38 4259 4647.07 3911.97 4570.08 4097.79 5304.32 4149.71 4125.54 3891.3 3813.19 4291.28 6917.25 3938.22 3769.67 3713.2 7037.63 4620.72 3597.05 3796.34 4122.56 4253.88 7263.67 3633.25 4763.81 4575.95 3793.19 3942.73 3763.06 4185.01 4440.52 4887.13 4961.63 4039.73 3906.74 4214.02 4704.87 3737.75 3934.62 4248.36 4333.13 
3135.79 3111.16 2962.9 3010.47 3094.61 2983.57 3200.98 3154.93 3217.86 3168.5 3163.78 3130.36 3115.3 3112.15 3242.92 3036.42 3149.99 3068.83 3080.37 3001.32 3032.62 3145.58 3183.17 3057.78 3051.41 3030.09 3811.89 3060.64 3005 2966.79 3070.27 3117.81 3748.87 2878.52 3280.15 3135.53 2941.61 2981.07 3079.95 3057.22 3192.82 3100.78 3156.19 3006.22 3114.62 3021.53 3171.86 2980.54 3072.73 3052.85 3290.28 
2697.97 2507.97 2365.88 2480.26 2573.6 2426.03 2578.04 2683.74 2791.2 2455.59 2604.48 2541.78 2511.65 2482.86 2551.79 2436.59 2681.8 2364.4 2371.86 2589.14 2396.38 2523.93 1842.15 2621.83 2795.89 2414.33 2025.53 2417.17 2526.34 2437.15 2549.72 2550.42 2838.69 2384.77 2590.97 2650.7 2450.53 2393.13 2667.84 2494.91 2676.59 2643.91 2460.23 2384.69 2650.27 2577.02 2475.47 2486.82 2638.46 2336.11 2617.29 
2330.78 2130.6 2289.99 2218.63 2276.72 2220.53 2207.62 2300.55 2386.87 2218.36 2158.9 2173.36 2221.49 2209.33 2124.11 2202.61 2201.08 2200.87 2258.09 2239.42 2231.44 2274.55 1527.08 2265.17 2441 2292.93 1837.59 2205.77 2390.58 2298.3 2215.26 2198.07 2220.21 2276.7 2171.23 2267.96 2305.57 2227.47 2288.54 2220.43 2130.97 2198.4 2209.14 2172.59 2192.69 2173.76 2213.49 2271.65 2307.32 2251.72 2326.19 
2310.57 2121.27 2289.23 2202.15 2268.81 2213.24 2171.74 2288.12 2334.3 2209.51 2142.21 2163.65 2208.64 2203.76 2110.6 2193.98 2188.88 2198.2 2255.79 2230.8 2229 2260.78 1521.5 2249.72 2334.73 2290.13 1830.28 2204.16 2382.88 2295.31 2190.65 2192.94 2206.4 2272.56 2164.4 2250.52 2302.26 2213.92 2261.38 2211.39 2112.65 2192.65 2207.7 2166.49 2167.06 2161.24 2207.89 2261.53 2294.7 2250.11 2312.27 
2309.44 2121.05 2289.21 2201.18 2268.33 2212.4 2171.32 2287.82 2332.53 2208.58 2141.73 2163.5 2208.4 2203.57 2108.38 2193.57 2188.47 2198.13 2255.71 2230.53 2228.93 2260.42 1521.42 2249.54 2332.18 2289.69 1829.9 2204.15 2382.07 2295.15 2190.2 2192.87 2199.48 2272.1 2164.33 2249.42 2302.09 2213.34 2260.48 2211.24 2112.28 2192.62 2181.96 2163.18 2166.32 2161.1 2206.86 2261.24 2294.67 2250.02 2311.12 
2308.54 2121.05 2289.21 2201.01 2268.28 2212.27 2171.29 2287.8 2332.24 2208.44 2141.72 2163.49 2208.39 2203.56 2108.22 2193.53 2188.45 2198.12 2255.7 2230.51 2228.93 2260.38 1521.42 2249.53 2332.02 2289.5 1829.83 2204.15 2381.84 2295.13 2190.19 2192.87 2199.16 2272.03 2164.32 2249.15 2302.07 2213.2 2260.41 2211.23 2112.24 2192.62 2181.85 2163 2166.3 2161.1 2206.77 2261.2 2294.67 2250.01 2311.08 
2308.49 2121.05 2289.21 2200.97 2268.28 2212.25 2171.29 2287.79 2332.17 2208.41 2141.72 2163.49 2208.39 2203.56 2108.2 2193.51 2188.44 2198.12 2255.69 2230.51 2228.93 2260.38 1521.42 2249.53 2331.99 2289.46 1829.82 2204.15 2381.78 2295.12 2190.19 2192.87 2197.7 2272.01 2164.32 2249.07 2302.06 2213.15 2260.4 2211.23 2112.24 2192.62 2181.82 2162.98 2166.3 2161.1 2206.73 2261.2 2294.67 2250.01 2311.07 
2308.48 2121.05 2289.21 2200.95 2268.27 2212.24 2171.29 2287.79 2332.16 2208.4 2141.72 2163.49 2208.39 2203.56 2108.2 2193.51 2188.44 2198.12 2255.69 2230.51 2228.93 2260.38 1521.42 2249.53 2331.98 2289.46 1829.82 2204.15 2381.77 2295.12 2190.19 2192.87 2197.55 2271.99 2164.32 2249.05 2302.06 2213.12 2260.4 2211.23 2112.24 2192.62 2181.82 2162.98 2166.3 2161.1 2206.41 2261.2 2294.67 2250.01 2311.07 
2308.48 2121.05 2289.21 2200.95 2268.27 2212.23 2171.29 2287.79 2332.16 2208.4 2141.72 2163.49 2208.39 2203.56 2108.2 2193.51 2188.44 2198.12 2255.69 2230.51 2228.93 2260.38 1521.42 2249.53 2331.98 2289.46 1829.82 2204.15 2381.77 2295.12 2190.19 2192.87 2197.54 2271.99 2164.32 2249.04 2302.06 2213.12 2260.4 2211.23 2112.24 2192.62 2181.8 2162.98 2166.3 2161.1 2206.2 2261.2 2294.67 2250.01 2311.07 
2308.48 2121.05 2289.21 2200.95 2268.27 2212.23 2171.29 2287.79 2332.16 2208.4 2141.72 2163.49 2208.39 2203.56 2108.2 2193.51 2188.44 2198.12 2255.69 2230.51 2228.93 2260.38 1521.42 2249.53 2331.98 2289.46 1829.82 2204.15 2381.77 2295.12 2190.19 2192.87 2197.54 2271.99 2164.32 2249.04 2302.06 2213.11 2260.4 2211.23 2112.24 2192.62 2181.8 2162.98 2166.3 2161.1 2206.19 2261.2 2294.67 2250.01 2311.07 
