2266.64 2316.47 2211.04 2298.8 2386.2 2199.02 2346.15 2240.66 2343.04 2119.06 2118.82 2112.34 2261.13 2346.24 2363.65 2075.67 2059.66 2117.91 2307.51 2046.12 2268.23 2173.46 2173.9 2369.96 2270.3 2367.95 2228.17 2279.63 2212.02 2256.18 2332.17 1948.3 2148.71 2385.61 2325.26 2271.79 1949.4 2454.4 2293.32 2353.02 2329.85 2250.11 2087.44 2572.83 2279.06 2146.3 2221.5 2293.71 2356.35 2250.09 2342.92 
983.102 1092.14 1038.86 1136.97 956.316 1039.91 956.997 910.604 1036.03 1073.73 1037.13 993.821 1013.05 1016.6 1154.49 1000.87 1017.57 866.496 928.418 1095.2 945.782 1034.01 1013.64 1083.57 990.815 1044.54 1032.44 984.191 1042.22 1009.92 1042.1 818.035 805.85 975.059 1102.25 940.316 957.859 1037.23 888.178 990.38 1005.88 948.955 999.106 1070.91 1073.43 971.636 977.121 1007.05 978.908 891.604 974.279 
521.823 509.79 472.053 493.522 494.027 452.858 478.409 473.573 455.226 427.191 506.436 470.229 459.121 534.196 463.096 388.909 438.864 456.924 466.411 448.756 484.053 493.368 481.593 544.611 459.359 467.242 473.984 455.052 426.371 524.82 503.416 420.723 482.935 489.098 492.275 479.945 484.975 470.79 548.02 488.148 455.148 509.695 426.011 468.809 446.715 496.416 544.221 475.264 436.066 437.51 570.548 
111.075 104.438 122.471 118.602 90.7559 94.2517 101.735 121.66 113.723 96.8174 127.835 114.216 122.229 109.874 110.266 108.314 105.511 116.787 113.266 93.0446 122.061 81.6701 105.524 114.182 118.949 107.814 114.457 108.318 118.35 104.389 104.959 112.481 106.834 119.002 130.329 113.388 111.093 109.553 111.942 105.016 122.033 101.769 82.6176 126.259 125.384 105.787 117.381 107.713 101.841 107.22 124.445 
2.92006 2.74401 2.97513 2.49674 2.77931 2.36327 2.93806 2.55218 2.89641 2.39111 2.60353 2.87279 2.52881 2.7483 2.88552 2.70327 2.86189 2.46703 2.88754 2.66889 2.62709 2.63039 2.44987 2.86824 2.63272 2.40606 2.53028 2.26649 2.7891 2.67187 2.65038 2.56531 2.58279 2.7767 3.18317 2.29051 3.31655 2.58929 2.73638 2.74241 2.8719 2.55384 2.84893 2.37872 3.03318 2.70054 2.67951 2.64485 2.6318 2.7184 2.44093 
0.04404 0.0293918 0.0393723 0.029168 0.0255583 0.0276656 0.0222033 0.0291316 0.023755 0.0208919 0.0293616 0.0396172 0.020603 0.0354437 0.0307506 0.0227886 0.0477714 0.037347 0.0445006 0.0217848 0.0315646 0.0379938 0.0252495 0.0338446 0.0325486 0.0307675 0.0353863 0.0330046 0.0398289 0.032903 0.0265372 0.0261431 0.0240413 0.0364001 0.0330905 0.021799 0.0344507 0.0248108 0.0315658 0.0409732 0.0427904 0.0222454 0.0402625 0.0228093 0.0413771 0.0304432 0.0313341 0.0278041 0.0415572 0.0273211 0.0226486 
3.64689e-05 1.81555e-05 1.56072e-05 1.70547e-05 1.82594e-05 1.90943e-05 1.02127e-05 1.68229e-05 1.16434e-05 6.57955e-06 1.67241e-05 1.65815e-05 1.4679e-05 2.87376e-05 1.7695e-05 9.00768e-06 1.91195e-05 2.34856e-05 3.56264e-05 1.202e-05 3.12494e-05 1.94137e-05 1.0625e-05 1.91726e-05 1.63793e-05 1.23131e-05 2.20328e-05 1.88374e-05 2.58256e-05 2.37391e-05 2.04116e-05 1.24196e-05 1.78868e-05 1.66338e-05 1.20649e-05 1.14816e-05 2.52526e-05 1.01539e-05 2.03405e-05 1.02258e-05 2.00665e-05 9.9036e-06 3.11608e-05 1.61914e-05 1.84183e-05 2.2776e-05 3.2677e-05 2.00686e-05 4.0573e-05 1.3504e-05 1.29014e-05 
1.47027e-08 0 0 0 0 0 0 0 0 0 0 0 0 0 0 0 0 0 1.44589e-08 0 1.68754e-08 0 0 1.16164e-08 1.15261e-08 0 0 0 0 1.18425e-08 0 0 0 1.00015e-08 0 0 1.0539e-08 0 0 0 0 0 1.80636e-08 0 0 0 0 1.06189e-08 1.53274e-08 0 0 
0 0 0 0 0 0 0 0 0 0 0 0 0 0 0 0 0 0 0 0 0 0 0 0 0 0 0 0 0 0 0 0 0 0 0 0 0 0 0 0 0 0 0 0 0 0 0 0 0 0 0 
0 0 0 0 0 0 0 0 0 0 0 0 0 0 0 0 0 0 0 0 0 0 0 0 0 0 0 0 0 0 0 0 0 0 0 0 0 0 0 0 0 0 0 0 0 0 0 0 0 0 0 
0 0 0 0 0 0 0 0 0 0 0 0 0 0 0 0 0 0 0 0 0 0 0 0 0 0 0 0 0 0 0 0 0 0 0 0 0 0 0 0 0 0 0 0 0 0 0 0 0 0 0 
0 0 0 0 0 0 0 0 0 0 0 0 0 0 0 0 0 0 0 0 0 0 0 0 0 0 0 0 0 0 0 0 0 0 0 0 0 0 0 0 0 0 0 0 0 0 0 0 0 0 0 
0 0 0 0 0 0 0 0 0 0 0 0 0 0 0 0 0 0 0 0 0 0 0 0 0 0 0 0 0 0 0 0 0 0 0 0 0 0 0 0 0 0 0 0 0 0 0 0 0 0 0 
0 0 0 0 0 0 0 0 0 0 0 0 0 0 0 0 0 0 0 0 0 0 0 0 0 0 0 0 0 0 0 0 0 0 0 0 0 0 0 0 0 0 0 0 0 0 0 0 0 0 0 
