7981.3 8010.17 7809.67 8074.32 7726.93 7533.99 7192.02 8019.89 7807.64 7546.74 8126.97 7978.21 7964.93 7552.22 8122.01 7964.35 8269.54 7290.26 7671.25 7182.95 8270.29 7470.29 7280.86 7869.35 8005.22 8064.44 8258.8 7528.11 7635.58 7858.03 7944.07 7572.59 7207.71 8184.13 7873.85 7366.34 7456.59 7815.44 7927.6 7736.23 7746.71 7089.58 8219.91 7558.03 7713.74 7393.17 7887.97 8203.88 7902.24 7929.46 8279.96 
7465.17 7334.19 7602.08 7155.69 7416.14 6667.9 7192.02 7762.27 7662.63 7546.74 7719.57 7623.05 7500.5 7017.39 7387.28 7161.27 7716.26 7290.26 7332.15 7182.95 7617.05 7470.29 7056.77 7451.69 7628.49 7643.43 7636.61 7528.11 7635.58 7204.49 7632.55 7526.06 7207.71 6347.68 7393.64 7366.34 7456.59 7582.17 7316.1 7620.55 7746.71 7089.58 7228.5 7279.87 7713.74 7393.17 7327 6823.08 7610.45 7891.13 7353.11 
7465.17 7334.19 7433.67 7155.69 7085.91 6667.9 7192.02 7436.65 7556.23 7429.6 7217.27 7007.19 7500.5 7017.39 6889.46 7161.27 7555.59 7290.26 7332.15 6954.46 7396.33 7470.29 7056.77 7451.69 7033.42 7524.24 7423.14 7353.8 7635.58 7083.58 7624.81 7526.06 7207.71 6347.68 7393.64 7366.34 7456.59 7423.41 7316.1 7620.55 7246.83 6971.31 6981.88 7279.87 7464.21 7393.17 7327 6823.08 6695.6 7624.75 7210.95 
7233.97 7251.01 7338.67 7155.69 7085.91 6667.9 7168.31 6816.01 6364.83 7106.28 7217.27 6968.77 7500.5 6754.5 6889.46 7125.71 6902.62 6944.29 6793.74 6954.46 7396.33 7368.27 7056.77 7451.69 7033.42 7237.26 7423.14 7210.15 7635.58 7083.58 6539.59 7089.75 6976.14 6347.68 7224.35 6623.16 7055.78 7336.12 7226.75 6802.79 7246.83 6900.03 5565.13 7279.87 6887.55 7193.15 7085.65 6823.08 6695.6 7076.42 7183.68 
6655.06 6925.19 6127.94 6771.36 6648.39 6606.95 6512.33 6093.78 6364.83 6678.74 6577.74 6114.54 6787.67 6656.04 6136.19 6835.04 6713.85 6919.08 6786.16 6501.95 6860.01 6356.69 6371.24 6647.53 7033.42 6694.02 6638.24 6784.42 6752.49 5931.69 6539.59 6450.86 6976.14 6347.68 6742.3 6623.16 6339.18 5895.2 6869.76 6121.5 6516.28 6614.04 5565.13 6837.73 6771.41 6388.79 6600.12 6823.08 6084.2 6538.24 6437.69 
5216.17 5160.58 5779.39 5966.51 5903.24 5747.48 5659.43 5063.91 6061.25 6118.81 5871.72 5605.77 6052.8 5725.64 6136.19 6115.21 5815.78 5072.89 5711.36 5710.58 5589.89 5707.03 5606.08 5901.59 5663.51 6174.99 5785.34 5847.01 5798.36 5667.55 5861.46 4996.91 5401.88 6250.64 5289.71 6016.77 6046.53 5445.83 5808.8 5978.24 5901.82 5800.16 5565.13 5870.77 5635.95 5623.63 5852.42 5215.33 6048.4 5588.38 5761.76 
5216.17 5160.58 5376.24 5010.45 5414.91 5416.79 5426.55 4695.21 4975.77 5290.66 5339.46 5359.92 5236.55 5229.36 4580.31 5193.36 4657.15 4579.41 4594.79 5381.51 5570.41 5078.68 5083.33 5121.57 5324.71 5512.22 4993.44 5292.42 5621.81 4789.58 5447.16 4996.91 5280.26 5258.31 4996.6 5192.55 5433.94 5099.43 5169.75 5429.56 5160.98 5149.05 4853.84 4599.77 5214.81 4942.06 5598.6 5067.02 5363.41 4703.39 5100.18 
4520.91 3723.09 4318.4 3992.23 4581.84 4203.03 4134.47 4220.59 4105.5 4311.69 4224.37 4408.33 4114.49 4041.91 4376.59 3789.17 4369.82 4363.74 4128.57 4349.2 4411.32 4037.68 3475.49 4432.81 4544.43 4259.31 4427.62 3862.08 3728.29 4407.97 4038.52 4098.44 4348.62 5023.12 4409.49 4607.04 4368.62 4395.57 4308 4711.27 4357.69 4657.34 4637.05 4513.92 4173.63 4378.19 4563.68 3975.82 4121.21 4367.75 3992.8 
3901.51 3723.09 3061.49 3497.48 4265.72 3726.8 3260.51 3936.2 3862.5 4000.55 3712.59 3608.97 3833.2 3749.43 3471.61 3775.18 3707.09 4053.55 3859.09 3508.16 3923.28 2887 3475.49 3703.22 3744.46 3647.3 3970.37 3862.08 3656.11 3895.01 3591.52 4020.38 3618.84 4101.93 3583.85 3639.18 3926.5 3850.76 3791.95 3995.01 3979.9 3364.84 3883.2 4252.86 3735.72 3822.18 3974 3670.3 3630.54 3962.92 3584.17 
2349.11 2063.93 2298.78 2256.55 1574.84 2326.12 2009.43 2073.47 2285.05 2076.48 2398.84 1937.75 2150.59 1948 2313.06 1865.56 1911.88 2424.76 2125.64 2106.69 2132.48 2010.95 1792.9 2026.79 2123.8 2237.2 2324.09 2103.15 1888.52 2159.97 1437.71 1890.21 2210.4 2364.56 2140.37 1813.71 2071.47 2352.48 1917.69 2583.87 1953.2 1547.83 2353.24 1962.2 2035.97 2187.73 2122.35 1974.1 2110.14 2520.15 2121.6 
972.39 874.854 578.202 712.122 869.891 628.163 720.512 351.649 576.62 912.656 415.438 577.067 780.871 766.419 635.069 990.814 670.38 502.098 644.593 571.985 694.729 390.686 799.732 602.093 705.71 581.357 962.17 1085.52 611.723 604.688 786.201 435.729 473.564 761.789 489.418 701.514 682.853 878.96 681.761 628.546 877.882 877.375 854.003 891.408 1012.76 472.013 952.647 579.765 686.46 717.703 582.108 
72.471 52.7062 59.4346 46.0306 58.9358 52.9931 62.2919 51.626 37.059 94.5544 39.4981 48.5919 61.2542 62.6709 53.5315 59.6728 57.1961 59.3487 57.0367 40.2364 75.8145 35.3318 31.3215 44.6857 61.5913 59.0683 57.0301 60.3927 48.6162 44.7666 57.0961 40.6887 42.7953 50.9779 58.5261 46.7478 53.4867 43.4554 50.9463 59.1741 73.5712 57.1408 44.7682 69.0944 75.2798 60.2956 60.3598 42.4601 66.4909 43.6099 34.9193 
0.471081 0.651906 0.673193 0.346617 0.595122 0.336428 0.780525 0.445382 0.754998 0.764656 0.297419 0.384401 0.652758 1.1398 0.269748 0.674624 0.614729 0.474871 0.619732 0.333795 0.546839 0.455666 0.363292 0.509261 0.533645 0.352403 0.456874 0.743499 0.40383 0.455163 0.944636 0.648366 0.354624 0.548793 0.892524 0.388015 0.455683 0.601321 0.518276 0.81803 0.521584 0.813524 0.527811 0.629199 0.984416 0.729634 0.598086 0.595246 0.547877 0.563702 0.584528 
0 0 0 0.0208192 0 0.0208192 0 0.0208192 0 0 0.0208192 0.0208192 0.0208192 0 0 0.0208192 0.0208192 0 0.0208192 0 0.0208192 0 0 0 0.0416385 0 0.0208192 0 0.0416385 0.0208192 0 0.0208192 0.0208192 0.0208192 0 0.0208192 0 0 0.0208192 0.0208192 0 0 0 0 0.0208192 0.0208192 0.0416385 0 0 0.0208192 0 
