28.2806 23.7926 19.0057 10.7193 12.6546 13.9822 34.3104 23.8213 27.786 14.9481 22.7261 26.7719 18.7817 29.2147 21.8302 16.6865 16.3404 24.8872 15.1127 29.4589 26.728 23.7807 21.3463 17.6622 23.9865 18.6559 21.4651 15.3416 23.6308 20.4398 14.396 13.8855 16.928 13.2431 20.5642 29.3897 17.8151 12.2306 26.8285 14.1674 29.449 15.9435 26.9784 18.8223 21.9741 22.8635 14.7512 24.6063 26.3107 13.2304 19.6439 
4.27118 6.41715 5.08865 6.49276 4.64382 3.67039 6.77605 5.43475 9.06782 7.26542 2.05003 5.07258 3.38077 4.91076 4.81913 2.9478 7.54541 7.41257 5.29799 4.55003 6.5613 6.03043 7.42767 5.66524 3.90864 4.02255 3.17467 3.64373 4.36335 4.93381 1.76852 4.15372 6.01609 5.09491 7.16106 7.32837 4.72056 3.43192 4.44882 6.19645 3.89114 3.71218 6.95618 4.56107 6.23749 6.15219 3.69624 8.41378 3.64349 3.96362 4.93644 
1.37502 2.64037 2.343 2.70686 1.97151 1.52842 1.85544 2.15942 2.71791 2.50579 2.05003 2.58729 1.81828 1.30223 2.37679 2.3866 2.28115 2.14326 1.6138 2.47441 2.56485 2.00996 2.27243 2.44574 1.86309 2.30499 2.51193 2.18943 2.00212 2.08829 1.76852 1.95122 1.60777 2.07247 2.45237 1.99768 2.49516 2.61954 2.29367 2.2237 2.28799 2.14586 2.62457 2.04564 2.17 2.35348 2.36625 2.41115 2.53498 1.80044 2.35736 
0.84409 1.06827 1.14913 1.15845 1.07337 0.943852 1.09204 1.08226 1.08668 1.05151 1.0668 1.07563 0.997434 1.07911 1.03445 1.16233 0.984228 1.16337 1.08203 1.11624 1.08669 1.00056 1.08536 1.11606 1.08756 1.09601 0.825967 1.07095 0.93264 1.07665 1.0759 1.01806 1.05196 1.08817 1.07036 1.10998 1.03821 1.07002 1.12076 1.08687 1.06422 1.08257 1.14675 1.02598 1.07085 0.995668 1.02991 0.819556 1.10432 1.07959 1.02403 
0.49049 0.60788 0.56687 0.362962 0.523279 0.599736 0.664108 0.666856 0.55475 0.598906 0.500745 0.534615 0.636934 0.630846 0.542467 0.690753 0.72508 0.708429 0.558208 0.592692 0.396016 0.584206 0.654849 0.759134 0.705603 0.703307 0.615794 0.569305 0.411083 0.624306 0.625627 0.576669 0.507186 0.641708 0.60248 0.740107 0.484162 0.764077 0.521447 0.70398 0.49133 0.700004 0.619836 0.600648 0.636037 0.624447 0.575023 0.716625 0.616994 0.703795 0.697649 
0.114478 0.230888 0.273499 0.244607 0.235401 0.285741 0.160932 0.20703 0.229051 0.152997 0.261274 0.316517 0.357625 0.281468 0.361552 0.192132 0.470997 0.295562 0.299925 0.296499 0.331197 0.424134 0.146535 0.220742 0.289316 0.428759 0.158198 0.331017 0.267581 0.289872 0.278636 0.10566 0.204711 0.223867 0.213918 0.354733 0.294961 0.28938 0.11945 0.351413 0.220644 0.253552 0.256672 0.309372 0.121155 0.187532 0.324668 0.292711 0.258767 0.182608 0.344423 
0.113187 0.101829 0.0970575 0.0901156 0.113782 0.071825 0.0730984 0.0172408 0.0516353 0.0652583 0.0654564 0.0455576 0.128498 0.0966929 0.0720957 0.0977079 0.109122 0.0706956 0.0821024 0.0511506 0.0918843 0.104749 0.0828738 0.0128121 0.0782344 0.100395 0.0872277 0.0266266 0.0572129 0.0468584 0.12337 0.0520987 0.0719302 0.0413867 0.0923893 0.135527 0.130146 0.0522407 0.0737778 0.11563 0.129357 0.13645 0.161103 0.0342525 0.0655263 0.0764416 0.0989138 0.0722565 0.128246 0.125826 0.137808 
0.0453997 0.0258088 0.0345926 0.0117007 0.0272589 0.0416544 0.0130117 8.60887e-08 0.0148848 0.0256298 0.00688081 0.0394349 0.0693618 0.0241049 0.0236548 0.0387538 0.0659262 0.0202789 0.0348037 0.0342542 0.0348602 0.0893215 0.0311877 4.81217e-07 0.020977 0.0188554 0.0425027 2.78676e-06 0.0218705 0.0245708 0.0493032 0.000217557 0.0252798 0.000542343 0.0358575 0.00210544 0.0617106 0.00149319 0.051216 0.0343714 0.0354116 0.00313163 0.0473244 4.65337e-06 0.00343538 0.0123144 0.0374581 0.0520922 0.0288259 0.0260943 0.0321771 
0.00654223 0.0130003 0.0244448 1.88239e-05 0.00620248 0.0365352 2.17967e-05 0 0.00192768 0.007509 1.61501e-05 0.00858568 0.0387919 0.0196781 0.00764516 0.0228686 0.0208179 0.019369 0.00558979 0.0020837 0.00363331 0.0254627 0.020809 0 3.58691e-05 0.00668653 0.0149298 0 0.000500527 0.0120097 0.0206323 1.1828e-07 0.000399526 0 0.0166497 0 0.0353548 0 0.0210774 0.00792318 0.0205455 0 0.00721503 0 0 2.62915e-06 0.0142069 0.000238813 0.0163835 0.00412921 0.00493936 
0.00114282 0.0123171 0.00445528 0 1.80255e-07 0.0248086 0 0 6.42027e-06 0.00357908 0 4.46529e-05 0.0295769 0.0196777 0.00457585 0.0103183 0.00764954 0.0119311 8.28749e-07 0 9.63604e-06 0.0144146 0.0135436 0 0 0 0.00372714 0 0 0.000470358 0.0101014 0 0 0 0.00980236 0 0.0156029 0 0.00120414 0.00253793 0.0170589 0 0.000197907 0 0 0 0.0101049 0 0.00108298 7.02956e-07 8.67455e-06 
1.08668e-07 0.0123161 0.000757527 0 0 0.00622884 0 0 0 0.000147257 0 0 0.0123528 0.0196777 0.000375039 2.68866e-05 1.44133e-08 0.000489727 0 0 0 0.000480386 0.0123183 0 0 0 6.21488e-05 0 0 1.65759e-07 0.000871454 0 0 0 0.0015924 0 3.06585e-07 0 7.37665e-05 2.0473e-08 0.0149126 0 0 0 0 0 0.00113607 0 6.60988e-05 0 0 
0 0.0123161 0 0 0 1.45627e-08 0 0 0 0 0 0 0.0123161 0.0196777 0 0 0 0 0 0 0 4.68284e-06 0.0123161 0 0 0 0 0 0 0 1.89978e-05 0 0 0 0 0 0 0 0 0 0.0147724 0 0 0 0 0 0 0 0 0 0 
0 0.0123161 0 0 0 0 0 0 0 0 0 0 0.0123161 0.0196777 0 0 0 0 0 0 0 0 0.0123161 0 0 0 0 0 0 0 0 0 0 0 0 0 0 0 0 0 0.0147724 0 0 0 0 0 0 0 0 0 0 
0 0.0123161 0 0 0 0 0 0 0 0 0 0 0.0123161 0.0196777 0 0 0 0 0 0 0 0 0.0123161 0 0 0 0 0 0 0 0 0 0 0 0 0 0 0 0 0 0.0147724 0 0 0 0 0 0 0 0 0 0 
