101.407 101.304 101.33 101.302 101.497 100.857 101.306 101.525 101.367 101.023 101.483 100.591 101.465 101.208 101.114 101.575 100.778 100.625 101.165 101.337 101.192 101.078 101.19 100.712 100.686 101.073 101.35 101.674 100.837 101.085 101.368 101.345 101.29 101.253 101.339 101.261 101.081 101.344 100.791 101.252 101.668 100.996 100.801 101.097 101.421 101.578 101.755 101.679 101.009 101.402 100.86 
100.656 100.459 100.66 100.762 100.654 100.383 100.543 100.613 100.747 100.762 100.696 100.558 100.792 100.833 100.668 100.63 100.778 100.625 100.644 100.803 100.708 100.77 100.578 100.48 100.487 100.862 100.559 100.601 100.75 100.462 100.948 100.779 100.646 100.759 100.711 100.681 100.516 100.812 100.655 100.687 100.58 100.404 100.586 100.76 100.621 100.58 100.667 100.555 100.779 100.849 100.518 
100.636 100.459 100.66 100.57 100.613 100.383 100.47 100.593 100.609 100.459 100.602 100.495 100.569 100.531 100.519 100.535 100.53 100.533 100.585 100.592 100.651 100.513 100.295 100.454 100.343 100.552 100.559 100.489 100.633 100.462 100.564 100.437 100.521 100.607 100.544 100.554 100.516 100.432 100.422 100.549 100.573 100.404 100.553 100.599 100.518 100.504 100.544 100.374 100.407 100.538 100.332 
100.34 100.326 100.363 100.308 100.352 100.383 100.303 100.398 100.311 100.459 100.428 100.271 100.405 100.372 100.31 100.382 100.361 100.36 100.293 100.425 100.27 100.281 100.295 100.35 100.254 100.334 100.4 100.489 100.375 100.253 100.443 100.437 100.363 100.33 100.345 100.409 100.462 100.336 100.422 100.382 100.406 100.404 100.404 100.4 100.392 100.334 100.279 100.374 100.283 100.323 100.299 
100.272 100.208 100.332 100.29 100.311 100.147 100.131 100.334 100.255 100.305 100.203 100.183 100.242 100.288 100.309 100.36 100.3 100.224 100.293 100.28 100.27 100.281 100.295 100.243 100.254 100.278 100.3 100.234 100.292 100.253 100.262 100.251 100.294 100.301 100.286 100.26 100.177 100.29 100.157 100.25 100.293 100.201 100.19 100.225 100.245 100.193 100.279 100.2 100.27 100.323 100.289 
100.118 100.072 100.143 100.223 100.144 100.147 100.131 100.116 100.245 100.158 100.108 100.129 100.184 100.225 100.227 100.24 100.185 100.181 100.17 100.175 100.136 100.188 100.144 100.126 100.154 100.169 100.121 100.226 100.15 100.121 100.158 100.13 100.107 100.182 100.135 100.165 100.11 100.145 100.157 100.095 100.195 100.145 100.19 100.178 100.22 100.193 100.143 100.171 100.178 100.109 100.173 
100.098 100.072 100.143 100.175 100.12 100.147 100.131 100.116 100.151 100.148 100.108 100.129 100.174 100.114 100.179 100.173 100.125 100.14 100.147 100.151 100.136 100.086 100.144 100.126 100.121 100.145 100.121 100.12 100.15 100.121 100.144 100.13 100.107 100.175 100.114 100.146 100.094 100.145 100.14 100.095 100.152 100.145 100.164 100.167 100.16 100.107 100.125 100.168 100.152 100.109 100.153 
100.098 100.072 100.126 100.127 100.099 100.084 100.118 100.1 100.114 100.096 100.075 100.129 100.145 100.114 100.155 100.115 100.055 100.14 100.088 100.151 100.136 100.081 100.107 100.113 100.121 100.145 100.091 100.12 100.107 100.121 100.144 100.085 100.107 100.11 100.114 100.132 100.094 100.121 100.12 100.095 100.132 100.145 100.114 100.101 100.16 100.107 100.125 100.121 100.1 100.109 100.153 
100.098 100.072 100.125 100.111 100.099 100.084 100.103 100.095 100.114 100.096 100.054 100.126 100.123 100.114 100.148 100.081 100.039 100.067 100.088 100.151 100.136 100.081 100.107 100.093 100.105 100.082 100.046 100.116 100.096 100.084 100.112 100.085 100.107 100.11 100.11 100.116 100.094 100.092 100.108 100.082 100.09 100.097 100.088 100.101 100.111 100.107 100.117 100.085 100.1 100.082 100.102 
100.076 100.072 100.093 100.101 100.099 100.05 100.095 100.091 100.077 100.075 100.054 100.12 100.087 100.114 100.067 100.081 100.039 100.067 100.083 100.137 100.062 100.081 100.1 100.093 100.105 100.082 100.046 100.1 100.096 100.084 100.099 100.085 100.104 100.11 100.06 100.116 100.067 100.092 100.108 100.082 100.09 100.097 100.088 100.062 100.09 100.107 100.117 100.085 100.059 100.082 100.09 
100.071 100.072 100.093 100.063 100.099 100.05 100.095 100.077 100.077 100.075 100.054 100.113 100.087 100.096 100.067 100.081 100.039 100.067 100.083 100.108 100.062 100.081 100.1 100.093 100.105 100.076 100.046 100.1 100.096 100.084 100.099 100.077 100.09 100.077 100.06 100.116 100.067 100.092 100.093 100.082 100.09 100.081 100.088 100.062 100.084 100.064 100.074 100.085 100.059 100.082 100.09 
100.068 100.072 100.093 100.063 100.093 100.05 100.068 100.077 100.069 100.075 100.054 100.101 100.087 100.096 100.067 100.081 100.039 100.067 100.079 100.079 100.062 100.081 100.068 100.089 100.082 100.059 100.046 100.1 100.087 100.084 100.099 100.054 100.089 100.077 100.06 100.062 100.064 100.082 100.09 100.082 100.086 100.081 100.088 100.062 100.068 100.064 100.074 100.06 100.059 100.082 100.09 
100.068 100.018 100.093 100.063 100.046 100.033 100.068 100.031 100.062 100.016 100.032 100.062 100.087 100.026 100.027 100.052 100.039 100.015 100.064 100.032 100.026 100.042 100.066 100.067 100.082 100.012 100.046 100.058 100.081 100.072 100.099 100.054 100.089 100.02 100.06 100.026 100.064 100.027 100.027 100.049 100.029 100.051 100.088 100.062 100.037 100.039 100.019 100.033 100.059 100.082 100.051 
100.068 100.018 100.046 100.063 100.044 100.033 100.04 100.03 100.025 100.016 100.032 100.061 100.018 100.026 100.027 100.052 100.039 100.015 100.022 100.032 100.025 100.042 100.02 100.067 100.082 100.012 100.046 100.058 100.034 100.018 100.099 100.054 100.042 100.02 100.06 100.026 100.064 100.027 100.025 100.049 100.029 100.051 100.033 100.026 100.037 100.039 100.019 100.033 100.059 100.082 100.051 
