1401.24 1566.34 1491.38 1294.94 1500.75 1586.98 1079.3 1401.09 1634.12 843.9 1506.61 1375.15 1011.87 1142.99 1393.68 1399.08 973.174 1337.3 1123.24 1160.12 1450.43 1106.2 1265.16 949.028 1239.38 1182.36 1337.42 1411.57 1342.31 1071.89 1068.63 1321.93 1348.5 1307.97 1230.19 1586.9 1483.27 1199.11 1466.66 1049.73 1435.11 1257.03 1459.65 1381.24 1256.54 700.827 1242.03 1087.88 1069.62 1482.05 1176.46 
1143.82 1112.32 571.147 951.848 1112.11 964.544 1017.9 1233.01 1104.96 843.9 1128.35 895.446 1011.87 1073.02 1071.56 962.283 898.836 1235.02 1100.39 1034.51 993.942 1092.39 776.163 949.028 972.354 959.746 1032.91 1155.62 1155.71 924.887 850.792 956.169 633.78 995.405 762.792 1111.59 923.373 1157.17 814.024 1049.73 852.772 1117.13 1062.75 1028.59 849.472 700.827 1058.22 847.869 1023.73 1090.55 863.608 
808.537 1024.01 571.147 609.272 1045.72 576.412 793.019 1092.78 883.284 843.9 946.609 895.446 747.602 1033.1 811.203 962.283 872.594 990.349 1031.71 1022.05 993.942 896.815 776.163 616.146 838.193 952.02 704.882 585.274 1106.09 924.887 850.792 956.169 633.78 948.197 762.792 930.647 923.373 1023.29 814.024 852.814 847.649 891.33 1015.62 774.024 849.472 700.827 1019.99 847.869 1023.73 897.206 863.608 
792.155 848.949 571.147 609.272 441.1 576.412 706.663 893.122 883.284 843.9 757.48 843.254 747.602 729.122 811.203 583.528 795.302 796.998 819.832 572.035 602.316 865.014 666.733 616.146 838.193 907.751 704.882 585.274 985.956 822.141 577.879 708.34 633.78 784.112 735.55 615.03 745.099 774.176 573.51 852.814 594.729 837.345 867.479 774.024 763.525 573.165 854.15 847.869 749.421 864.008 745.013 
652.529 620.269 571.147 495.834 441.1 276.87 706.663 711.026 883.284 648.468 742.329 535.109 611.737 675.742 700.381 371.115 795.302 796.998 710.063 572.035 602.316 298.799 521.044 616.146 683.151 604.524 605.94 475.447 578.666 500.342 577.879 708.34 633.78 696.002 674.372 615.03 649.96 528.381 483.68 752.135 594.729 699.46 561.062 627.691 410.189 573.165 581.254 593.713 749.421 460.932 575.739 
291.585 383.362 518.199 495.834 441.1 276.87 396.675 420.928 544.492 625.331 509.963 535.109 334.631 658.087 432.435 365.315 580.191 526.305 443.974 572.035 435.12 298.799 519.582 549.434 596.837 572.657 211.195 239.931 578.666 500.342 521.742 374.65 633.78 696.002 521.248 615.03 444.773 392.526 289.231 527.825 592.864 589.576 456.099 466.339 320.404 573.165 477.144 478.832 391.154 442.968 575.739 
196.664 223.209 184.322 495.834 361.775 260.314 320.295 318.772 403.722 214.75 310.628 325.686 246.373 277.892 333.06 254.031 340.728 363.46 420.67 410.457 435.116 277.614 286.761 280.219 292.243 406.222 211.195 239.931 429.694 395.425 286.293 368.164 373.992 508.978 353.597 265.267 428.774 254.515 241.603 444.491 272.188 295.479 427.815 256.307 182.649 233.716 301.46 340 181.649 163.019 316.125 
157.276 106.203 114.366 221.624 264.995 169.938 157.954 237.493 121.656 88.3631 158.164 297.37 95.5793 221.048 131.287 107.15 195.064 269.013 127.098 235.022 198.156 178.889 247.003 115.405 278.326 228.637 126.717 184.925 189.338 145.604 207.188 93.1649 339.809 213.495 201.296 112.878 231.516 129.421 129.775 279.347 186.955 206.759 127.452 126.048 113.264 150.301 222.671 222.221 172.746 150.812 191.164 
98.475 56.6949 87.47 119.563 121.722 104.681 152.207 216.196 82.2842 79.198 71.7354 195.071 89.4685 83.9226 117.648 69.1799 78.9152 126.656 123.08 193.981 86.9943 92.0064 199.07 87.5378 209.895 180.861 68.1059 93.9718 118.095 123.374 105.31 88.7627 208.786 183.182 133.606 96.6618 223.749 88.7915 69.9151 89.7193 155.494 206.156 91.3968 74.3996 69.3612 80.2029 204.026 87.7692 171.403 62.9373 132.165 
58.2519 46.8002 62.8296 98.1181 55.2532 81.5215 136.584 150.755 53.1354 52.4957 57.0315 180.356 56.4785 79.8771 67.9865 58.0493 75.1849 94.1073 107.703 149.715 66.3727 78.0068 189.128 75.5806 183.726 168.289 63.5016 63.3254 92.3914 85.3678 104.856 56.2844 188.295 115.774 121.938 85.6463 196.249 74.938 47.6139 74.4014 125.705 195.266 53.3828 67.0162 55.6715 59.1626 180.278 74.6748 163.599 52.3358 90.7416 
44.5408 39.8904 58.2073 45.067 52.278 59.1325 112.299 94.1206 41.9613 43.002 34.3591 178.608 39.4673 67.3184 54.116 43.8244 66.7602 71.1874 75.7667 90.7897 43.3103 46.364 174.714 53.0211 167.574 156.108 45.686 41.8683 70.1451 58.8875 98.7974 45.682 132.327 57.5097 95.541 76.7348 132.57 56.2221 46.0062 48.6537 61.4231 175.384 40.3301 39.221 40.0227 51.0359 166.591 47.1317 161.371 44.6365 59.4838 
38.0782 30.8869 40.8175 43.5781 45.8622 51.9328 100.72 72.4982 39.2584 40.5327 29.7392 168.535 35.4588 52.1302 47.0691 27.7589 63.3571 67.4173 67.7127 78.794 35.5566 40.7452 142.919 48.0508 162.009 149.174 29.2517 39.5667 47.688 47.7879 81.9932 42.9655 103.015 41.521 71.8675 68.4821 122.569 45.6156 32.7584 45.1429 60.5855 170.985 32.2793 31.353 36.6539 39.9931 164.723 38.099 83.1005 40.6545 48.5677 
32.9083 24.9488 30.9692 30.6777 35.6226 36.4216 35.6613 41.4454 26.7478 31.0173 28.4677 64.8678 27.9632 32.4176 28.4168 25.0616 39.4154 36.1808 41.4989 32.8541 29.7435 29.8913 40.9267 27.7222 39.4611 43.5162 27.0071 25.781 34.8222 30.3704 43.8487 33.5187 40.8035 33.3804 39.1726 30.4445 61.5756 33.0383 28.7539 30.4891 39.3352 153.064 30.4416 25.2411 26.6782 31.2273 158.365 33.5553 35.0492 26.1994 27.596 
22.0474 21.6727 21.9343 27.1628 27.3619 22.2303 27.1728 26.8407 21.5904 22.255 22.2969 42.391 22.004 26.8393 21.737 22.1785 21.8859 23.2897 27.3213 21.33 21.2318 22.0134 34.4955 21.279 22.795 21.8252 22.5701 22.3241 27.1131 22.3852 27.6984 21.7795 22.0062 22.5835 28.2595 22.4864 47.0806 26.7297 22.9836 22.2569 23.4532 147.903 21.1744 21.4138 20.9578 21.5349 142.205 21.6919 23.3009 20.9386 21.2439 
