928777 1.06145e+06 863323 874780 1.22641e+06 1.4361e+06 1.43192e+06 1.16055e+06 1.30446e+06 758574 1.23262e+06 1.52674e+06 1.28714e+06 1.14744e+06 1.05642e+06 1.58756e+06 1.28837e+06 1.02699e+06 1.7103e+06 742158 933075 772346 1.05973e+06 1.16445e+06 788418 763941 816705 1.14045e+06 892962 917189 1.12941e+06 795703 1.10299e+06 539735 1.15915e+06 708813 1.06604e+06 750746 702634 688272 1.1782e+06 870761 809976 971736 1.05152e+06 468678 1.57619e+06 862051 1.09203e+06 577644 560671 
232849 391498 290678 217097 327930 364659 390865 300119 350466 279660 395676 372657 290006 317672 440329 351483 326842 196655 223795 254742 336928 257444 455562 257185 288797 165871 392447 201375 208439 132062 352809 263021 440259 163706 477212 233702 200147 369584 265697 300858 294598 198629 328334 223827 297242 300897 497858 394383 237988 281917 262273 
104807 133878 154397 125640 106813 143599 185205 166959 101311 83616.6 145470 91250.6 86253.8 99354.7 127360 141050 116852 122022 102720 130867 80831.5 100839 97021.2 125115 145963 104727 144254 147007 127731 74635.5 75279.3 135454 103286 107484 128608 137629 133125 118295 95352.2 140914 148317 91119.8 59439.3 62471 161965 143333 135503 136187 100826 98416.8 79087.2 
37840.4 47564.2 18254.5 34462.9 31663.9 34195.3 41281.7 40577.9 43069.2 20617.2 45412 26156.2 20134.9 38444.3 24586.2 29841.8 38064.6 24687.4 27892.8 21669.9 50511.5 25232.1 29074.4 29892.4 35592.9 19111.3 50706.2 35452.5 25879.5 32530.8 25644 42433 43915.4 14646.1 35386.6 30699.6 13221.4 30634 27299.8 22710.9 33279.7 36478.6 22879.1 25827.6 26755 20787.9 55271.5 21969.1 22475.3 26946.1 21743.4 
5093.62 4641.13 3123.49 4651.98 3443.07 3959.92 5272.41 4445.41 3834.05 3318.9 4813.69 5318.59 3006.94 5272.72 4745.74 5016.62 3222 5153.13 3425.17 3121.8 4186.32 3430.64 3803.77 3328.08 4273.04 2809.72 6287.73 6289.68 3972.63 2911.9 3431.65 3824.62 3403.78 3987.27 3500.24 4627.03 2717.08 5908.23 4292.56 5405.67 3340.95 3003.47 3622.48 5986.95 5567.31 4137.08 4242.8 3109.97 4265.1 4027.22 2825.12 
1480.62 2057.69 1470.05 1847.41 1312.46 1696.95 2575.49 1963.18 1728.62 1577.23 1315.14 2454.66 1429.81 2444.93 2099.58 2171.48 1325.97 2006.98 1284.62 1796.91 1370.24 1238.44 1765.79 1690.33 1469.1 1326.79 2525.95 1654.79 2150.47 1125.97 1420.4 1680.7 1541.18 2625.99 1454.92 2600.77 1209.27 2455.74 1726.64 2021.93 1593.65 1422.49 1778.36 2911.01 3302.15 1322.92 1555.84 1362.39 2067.09 1507.58 1469.92 
1079.33 1342.52 836.094 1381.76 1153.33 1233.29 2472.81 1530 1411.06 1114.52 1033.04 2269.65 1049.26 2335.18 1796.08 1741.37 881.588 1353.39 1073.72 1271.17 1120.83 1062.72 1236 1109.58 1193.64 966.748 1807.77 1067.98 1877.4 1061.95 1185.21 1459.1 1089.75 2177.96 1059.93 2182.15 799.402 2190.68 798.184 1377.14 1203.34 1055.33 1365.29 2006.04 2459.96 699.675 1110.75 1016.38 1626.6 1092.65 1256.66 
1062.62 1321.96 767.784 1373.09 849.669 1114.53 2470.55 1100.2 844.358 1100.55 1027.77 2264.66 1044.23 2333.57 1495.65 1736.32 853.45 1045.27 1070.86 1036.02 886.342 1058.66 861.945 1049.36 939.211 955.739 1796.52 1060 1872.64 1057.94 919.688 1455.32 1058.37 2116.44 1052.14 2011.71 511.429 2188.29 618.8 751.043 620.001 1050.56 1359 1990.09 2454.28 555.271 1062.94 983.598 1609.05 738.843 1251.54 
1061.83 1320.87 763.22 1371.78 700.533 1112.45 2469.43 1086.9 827.255 1099.58 1027.11 2264.21 1042.86 2332.35 1240.45 1734.48 852.583 747.734 1069.46 1031.47 504.83 1057.47 475.075 1047.34 925.677 954.792 1795.29 1058.78 1871.63 1057.12 902.525 1454.24 1056.33 2114.4 1050.01 2004.91 505.807 2187.34 615.21 708.608 485.276 1048.86 1357.11 1988.98 2453.82 552.514 1060.93 982.612 1607.85 431.93 1250.07 
1060.78 1320.06 761.845 1371.28 696.919 1111.09 2468.54 1085.16 825.674 1098.9 1026.25 2263.4 1042.13 2331.44 828.686 1733.86 852.085 742.615 1069.06 1030.51 485.038 1056.82 471.601 1045.72 924.279 954.496 1794.31 1057.96 1871.15 1056.52 901.838 1453.54 1055.4 2113.75 1049.14 2003.8 504.982 2186.83 614.79 707.196 483.847 1048.82 1356.83 1987.56 2453.03 551.806 1059.51 981.486 1607.11 419.657 1249.4 
1060.58 1319.68 761.245 1370.67 696.487 1110.76 2466.94 1084.31 822.101 1098.43 1026.02 2261.89 1041.58 2331.4 826.434 1732.64 851.624 742.223 1068.39 1029.76 481.62 1056.21 469.54 1045.18 923.594 953.245 1793.41 1057.6 1870.62 1056.19 900.674 1453.1 1054.98 2113.4 1048 2002.64 503.67 2185.75 614.198 706.347 481.842 1048.64 1356.21 1987.1 2452.4 551.228 1058.85 980.43 1606.71 417.25 1248.93 
1059.88 1318.77 760.16 1370.3 695.902 1110.39 2466.93 1083.59 821.615 1098.06 1025.08 2261.63 1040.94 2331.4 825.511 1732.58 851.408 741.281 1068.05 1029.35 480.778 1055.85 469.094 1044.67 922.396 952.566 1793.36 1056.8 1869.6 1055.48 898.512 1452.53 1053.74 2112.91 1047.68 2001.57 502.962 2185.59 613.636 705.181 481.213 1047.75 1355.6 1986.7 2452.09 550.651 1057.72 979.584 1606.11 417.244 1247.94 
1058.99 1318.47 760.143 1370.3 694.205 1109.29 2466.93 1082.58 821.615 1097.58 1024.67 2261.63 1040.36 2331.4 822.279 1732.58 850.788 740.019 1068.05 1028.03 480.778 1055.06 467.135 1044 922.359 952.565 1793.36 1056.05 1869.59 1054.51 898.288 1451.54 1053.04 2112.51 1047.68 2001.56 502.961 2185.59 612.956 705.136 481.213 1047.44 1355 1986.13 2451.38 550.65 1057.72 979.084 1605.32 417.244 1247.17 
1058.99 1317.88 760.143 1370.3 693.053 1109.29 2466.93 1082.33 821.615 1097.48 1024.31 2261.63 1040.06 2331.4 822.136 1732.58 850.788 740.017 1068.05 1028.03 480.778 1054.62 467.135 1043.89 922.359 952.565 1793.36 1055.75 1869.59 1054.48 898.288 1451.54 1052.78 2112.5 1047.68 2001.56 502.961 2185.59 612.956 705.136 481.213 1047.44 1354.76 1986.05 2451.38 550.65 1057.72 978.683 1605.32 417.244 1247.15 
