7.53108e+08 6.29387e+08 6.39057e+08 6.59222e+08 7.56151e+08 6.9137e+08 6.73095e+08 6.49099e+08 6.89455e+08 8.50735e+08 7.01616e+08 6.66686e+08 4.57504e+08 5.98913e+08 6.36093e+08 7.52738e+08 8.24487e+08 5.28554e+08 7.28927e+08 6.32073e+08 6.48014e+08 5.18072e+08 6.55894e+08 6.82274e+08 7.30958e+08 6.40904e+08 4.3378e+08 4.47608e+08 6.65491e+08 6.31904e+08 7.02052e+08 6.16714e+08 5.19761e+08 6.36731e+08 6.43682e+08 8.24094e+08 4.33812e+08 6.52064e+08 6.07953e+08 6.43742e+08 7.78783e+08 5.21107e+08 6.92869e+08 7.4789e+08 6.22965e+08 6.60078e+08 5.46094e+08 5.71088e+08 7.95849e+08 5.81862e+08 5.62653e+08 
3.09185e+08 3.0352e+08 3.04521e+08 2.79958e+08 3.76831e+08 2.8014e+08 3.34083e+08 2.06683e+08 1.85791e+08 2.97753e+08 2.51534e+08 2.93856e+08 3.43258e+08 2.38159e+08 3.77896e+08 3.08041e+08 2.8273e+08 3.35771e+08 3.26463e+08 3.7314e+08 2.99923e+08 3.65382e+08 2.85172e+08 2.03789e+08 2.65267e+08 1.91467e+08 2.89642e+08 3.17625e+08 2.44826e+08 3.52628e+08 3.01684e+08 1.57039e+08 2.96907e+08 3.15963e+08 2.5615e+08 3.29475e+08 2.85362e+08 1.92198e+08 3.36646e+08 2.52437e+08 2.41496e+08 3.01947e+08 2.71459e+08 2.98663e+08 2.67611e+08 3.30788e+08 3.32038e+08 3.27621e+08 3.51652e+08 3.58597e+08 2.91341e+08 
1.51241e+08 1.77306e+08 1.84001e+08 2.10076e+08 1.83306e+08 1.76928e+08 1.49166e+08 1.73158e+08 1.76379e+08 1.95623e+08 1.83439e+08 1.46799e+08 1.63211e+08 1.74476e+08 1.94725e+08 1.56031e+08 1.52603e+08 1.83609e+08 1.46916e+08 1.59248e+08 1.26243e+08 1.61321e+08 1.48542e+08 1.84143e+08 1.36536e+08 1.1318e+08 1.62797e+08 1.95501e+08 1.59779e+08 1.70604e+08 1.48708e+08 1.57039e+08 1.63361e+08 1.01173e+08 1.69396e+08 1.37534e+08 7.40076e+07 1.59207e+08 1.74211e+08 1.51433e+08 1.5236e+08 1.82658e+08 1.21747e+08 1.96537e+08 2.08443e+08 1.95355e+08 1.69537e+08 1.168e+08 1.54625e+08 1.84409e+08 1.92272e+08 
3.75799e+07 5.46277e+07 5.09684e+07 6.37665e+07 4.26517e+07 5.76253e+07 4.20382e+07 5.88407e+07 5.35426e+07 5.39889e+07 5.34466e+07 4.51387e+07 6.29749e+07 5.43857e+07 6.00368e+07 6.24385e+07 4.95052e+07 5.98896e+07 4.6508e+07 4.46451e+07 4.40233e+07 5.43133e+07 5.62054e+07 5.06007e+07 4.90291e+07 4.2547e+07 5.90347e+07 4.48307e+07 5.61188e+07 3.26034e+07 4.835e+07 5.10458e+07 5.38705e+07 4.87456e+07 5.87629e+07 5.02179e+07 4.43167e+07 5.56847e+07 4.91447e+07 5.73881e+07 4.40412e+07 6.35099e+07 6.73336e+07 4.81021e+07 5.70268e+07 4.09431e+07 5.48719e+07 4.73955e+07 7.06095e+07 6.40167e+07 6.67789e+07 
3.01665e+06 2.08274e+06 2.40704e+06 2.82124e+06 2.9822e+06 2.78373e+06 2.03832e+06 2.1703e+06 3.36158e+06 2.7263e+06 2.79411e+06 2.78112e+06 2.70897e+06 2.57712e+06 2.71276e+06 2.34964e+06 2.44797e+06 2.33885e+06 2.38206e+06 2.81871e+06 2.83583e+06 2.77412e+06 2.38697e+06 2.78012e+06 2.73979e+06 2.53369e+06 3.73281e+06 2.6454e+06 2.07598e+06 2.25576e+06 2.6738e+06 2.51883e+06 2.6758e+06 2.41517e+06 2.75864e+06 2.90246e+06 2.60063e+06 2.6227e+06 1.95641e+06 3.23389e+06 2.47685e+06 2.71663e+06 2.85891e+06 2.16324e+06 2.21921e+06 2.8882e+06 3.23473e+06 2.86237e+06 2.54469e+06 1.8142e+06 2.95113e+06 
31813.2 46460.5 22105.1 29202.8 38150 52311.8 22415.9 20521.4 53563.2 48728.8 33438.7 41290.2 23165.5 25256.5 33513.8 33493.3 36527.3 43793.3 24552.8 29331 43399.1 24762.8 42247 24611 31139.7 44106.5 36372.3 55050.3 28682.8 39633.9 31814.2 37432 32431.2 25330.5 43099.8 37374.6 30962.1 32716.4 28512 37430.4 29596.7 32625.6 30312.4 27879 28865.6 42975.5 78521.4 35917.9 32498.5 29043.5 23723.1 
6039.48 7065.39 5783.64 6608.87 8008.51 12832.2 5490.44 6187.08 8832.84 10758.4 8502.13 6725.24 9766.85 6250.85 6744.57 6687 7384.02 8930.5 8312 8654.55 8399.77 6023.69 11169.8 5689.13 8055.99 12566 7232.93 6838.6 7555.35 6318.28 6683.34 7085.86 6871.53 8541.96 8485.28 7153.48 6821.91 5749.22 9274.1 7562.36 6305.28 6588.39 6711.73 5552.8 6196.23 7624.77 9835.09 6999.02 6956.79 8110.6 6966.22 
4838.82 5174.1 3585.4 5290.67 5268.46 6491.65 3842.1 4654.85 5597.65 5647.46 5102.74 4310 6187.2 4889.32 5176.7 4467.54 4492.04 4738.32 4251.27 5449.41 3898.93 4687.57 4911.27 5007.18 4909.69 7536.67 5044.56 3734.45 4647.62 4227.3 4762.53 5211.19 4446.93 4762.49 4332.01 5979.42 5356.29 4078.99 5583.79 5522.16 4630.94 4390.2 3407.66 4237.72 4622.36 4714.05 6186.98 4648.89 5246.28 4022.55 4109.75 
4669.77 4823.24 2925.9 4961.95 4260.09 5256.9 3424.12 4365.18 4859.58 4213.56 4748.73 3498.57 5587.2 4560.16 4916.94 3870.33 3870.21 3968.42 3610.13 4798.16 3472.34 4480.52 4168.26 4874.08 4183.28 6031.45 4772.95 3313.6 4244.37 3759.42 4516.59 4803.33 4244.32 4368.84 3696.56 5697.52 4776.22 3760.7 5167.27 4744.02 4389.3 4027.15 3095.87 3966.91 4297.02 3854.36 4867.26 4244.64 5008.31 3494.42 3691.8 
4590.46 4723.94 2832.19 4870.59 4085.99 4983.26 3291.41 4286.04 4699 4015.61 4689.28 3374.49 5490.2 4486.37 4844.79 3749.14 3729.65 3787.82 3480.79 4651.63 3418.05 4450.34 4033.73 4858.35 4046.47 5331.96 4712.38 3188.49 4159.65 3673.61 4467.92 4705.04 4193.27 4302.8 3555.49 5659.58 4591.73 3701.77 5111.7 4532.58 4327 3900.73 3015.46 3914.32 4235.42 3695.88 4375.97 4173.36 4973.65 3413.48 3627.3 
4582.8 4697.65 2804.11 4852 4050.16 4914.58 3268.38 4280 4666.23 3966.69 4679.33 3360.05 5466.31 4473.91 4836.17 3739.19 3699.59 3755.09 3446.09 4620.75 3405.34 4446.2 3995.11 4855.68 4030.15 5029.01 4703.48 3160.1 4134.51 3658.48 4457.24 4680.22 4180.48 4295.51 3532.18 5655.17 4535.42 3688.76 5105.91 4506.56 4311.12 3879.51 2994.28 3905.74 4222.84 3675.02 4333.95 4162.4 4969.3 3395.41 3617.65 
4580.14 4692.89 2799.55 4846.66 4036.57 4891.97 3262.5 4278.22 4655.74 3956.64 4676.78 3357.7 5460.6 4469.74 4833.66 3737.34 3683.71 3749.01 3439.78 4612.96 3402.4 4445.75 3985.68 4855.41 4025.31 4904.96 4700.89 3151.93 4129.58 3656.8 4453.76 4675.53 4176.77 4292.88 3528.21 5654.26 4514.54 3686.36 5104.79 4503.34 4306.86 3873.08 2990.56 3903.94 4219.54 3672.27 4327.34 4160.35 4968.82 3393.14 3616.13 
4578.82 4690.68 2798.6 4845.56 4032.71 4885.86 3261.58 4277.73 4650.64 3952.8 4675.72 3357.27 5459.2 4468.37 4832.6 3736.82 3677.76 3746.94 3439.01 4610.8 3400.69 4445.62 3982.68 4855.3 4024.63 4869.77 4700.18 3150.26 4128.01 3656.36 4451.94 4674.33 4175.59 4292.12 3526.86 5653.93 4506.8 3685.68 5104.49 4502.62 4305.12 3870.83 2989.2 3903.41 4218.48 3671.19 4323.91 4159.96 4968.71 3391.84 3615.49 
4577.69 4688.75 2798.09 4845.14 4029.23 4884.13 3261.32 4277.44 4647.02 3951.11 4675.14 3357.16 5458.71 4467.83 4831.63 3736.68 3668.17 3745.98 3438.56 4610.34 3399.9 4445.56 3981.32 4855.24 4024.46 4839.08 4699.46 3149.44 4127.15 3656.13 4450.64 4673.11 4174.46 4291.53 3525.66 5653.76 4503.11 3685.33 5104.33 4502.19 4303.57 3870.02 2988.6 3903.21 4217.99 3670.89 4321.71 4159.88 4968.65 3390.76 3615.04 
