1.57641e+07 3.71152e+07 2.10532e+07 1.98616e+07 3.74852e+07 4.38868e+07 3.39436e+07 2.67562e+07 3.54373e+07 2.3315e+07 3.69717e+07 2.44498e+07 2.63025e+07 3.74985e+07 4.91122e+07 1.04184e+07 1.25803e+07 2.72242e+07 3.00392e+07 2.03557e+07 2.15183e+07 3.24807e+07 5.07156e+07 3.52028e+07 3.86003e+07 2.70255e+07 3.22252e+07 1.10186e+07 2.75834e+07 1.73776e+07 2.81997e+07 4.18774e+07 4.21767e+07 2.71077e+07 8.63042e+06 1.49296e+07 1.55082e+07 2.85514e+07 4.52168e+07 2.20902e+07 4.76933e+07 2.16569e+07 4.03128e+07 2.01296e+07 3.72894e+07 1.72113e+07 5.68814e+07 2.16897e+07 2.61888e+07 2.20965e+07 2.32967e+07 
1.10503e+07 1.55414e+07 1.29058e+07 1.12893e+07 1.1744e+07 1.6047e+07 1.3042e+07 8.51469e+06 1.33294e+07 1.298e+07 9.74598e+06 1.46087e+07 1.14197e+07 1.51748e+07 8.04455e+06 7.99495e+06 4.68614e+06 7.89615e+06 1.33055e+07 2.48841e+06 1.39068e+07 1.17122e+07 1.36392e+07 8.53383e+06 1.57217e+07 8.81209e+06 7.28679e+06 1.10186e+07 9.83537e+06 8.27066e+06 4.52591e+06 9.59577e+06 1.2916e+07 1.96874e+07 7.49466e+06 1.30513e+07 1.07843e+07 1.42287e+07 7.45762e+06 4.80183e+06 6.8947e+06 9.57821e+06 8.29322e+06 7.01606e+06 4.31212e+06 7.18435e+06 1.31354e+07 1.35338e+07 1.10979e+07 7.41298e+06 1.19047e+07 
4.83895e+06 7.06639e+06 4.94533e+06 4.82856e+06 3.36391e+06 3.02148e+06 1.45793e+06 6.67218e+06 6.48768e+06 3.86362e+06 7.35605e+06 7.76848e+06 5.49085e+06 3.56688e+06 4.70984e+06 2.618e+06 4.68614e+06 5.42785e+06 6.21877e+06 2.48841e+06 5.82102e+06 4.53089e+06 5.46639e+06 2.58013e+06 3.98023e+06 5.80719e+06 6.84623e+06 4.32503e+06 3.5935e+06 3.0882e+06 4.52591e+06 5.70841e+06 3.18266e+06 5.16609e+06 3.9516e+06 4.62045e+06 3.31875e+06 2.79068e+06 7.45762e+06 2.7221e+06 4.43191e+06 5.84189e+06 8.20206e+06 7.01606e+06 2.3301e+06 5.96967e+06 3.83414e+06 4.81971e+06 3.42013e+06 6.9025e+06 5.69762e+06 
1.33249e+06 1.22972e+06 701315 1.00585e+06 1.11666e+06 1.16419e+06 1.45606e+06 588902 1.11748e+06 814552 1.07366e+06 1.07472e+06 1.46008e+06 868527 1.38425e+06 1.38783e+06 1.63388e+06 647369 1.48969e+06 1.34392e+06 1.49395e+06 920363 1.35111e+06 1.21184e+06 1.0404e+06 780258 1.51819e+06 1.17231e+06 906932 710294 1.59475e+06 641996 1.04779e+06 1.05284e+06 1.11398e+06 1.14503e+06 1.60022e+06 1.63318e+06 862750 1.32109e+06 1.30473e+06 1.42505e+06 1.42495e+06 1.34759e+06 1.28371e+06 983146 470514 1.71312e+06 1.63729e+06 1.1631e+06 1.05274e+06 
19068.8 17641.5 13669.5 14147.6 25131.3 23081 19881 17917.9 19758 17173.8 13683.1 29929.7 15063.8 27491.4 27321.7 14280.8 15213 22084.1 22459.1 17805.3 25751.2 11204.9 13347.6 11691.5 14243 12694.6 22136.5 18138.4 18336.7 23785.9 16271.7 13750.9 21558.1 22059.3 18940.1 14765 21770.1 28266.4 19220.5 21162.9 14207.6 15804.7 15585.2 22207.4 22821.2 22164.2 20130 23277.6 14029.3 25493.2 15583.6 
1864.57 1695.46 1372.07 1104.52 2086.67 1442.86 1579.6 1915.1 1591.55 1523.32 1757.99 2016.14 1792.32 1766.52 1948.46 1833.84 2036.37 2044.48 1752.51 1831.04 1463.68 1878.17 1617.78 1730.85 1752.5 1454.29 1476.09 1149.95 1666.64 2029.04 1801.7 1710.5 1735.08 1824.35 1306.54 1636.37 1349.68 1671.79 1630.36 1445.45 1897.11 1554 1726.61 1805.31 1516.23 1678.86 1900.03 1784.34 1356.51 1449.57 1813.12 
1131.21 1061.12 1005.63 856.221 1309.13 769.532 971.621 955.358 814.964 919.156 933.453 1359.81 1269.85 1365.95 1155.79 1050.71 1211.93 1101.41 950.292 982.482 1014.9 1162.65 973.679 1171.43 939.312 888.928 840.772 1149.95 601.022 1001.09 1368.61 1127.44 834.279 1055.55 981.494 1361.19 894.175 993.466 983.148 737.056 1164.54 1274.57 1133.57 936.753 1053.97 983.954 1259.59 998.127 1020.77 1077.25 972.788 
696.151 683.129 595.481 640.124 827.864 568.691 798.752 412.139 569.768 481.526 597.266 1050.48 811.712 866.841 926.432 680.055 751.228 603.607 658.748 714.606 711.06 785.135 817.321 676.829 647.878 417.309 510.156 433.562 564.702 677.997 1119.27 869.718 415.279 556.486 407.936 873.563 570.949 642.841 588.619 683.646 766.525 726.297 716.798 529.192 634.54 591.555 922.746 593.788 544.931 775.033 847.835 
449.347 469.369 350.625 390.432 467.786 510.375 544.477 287.38 264.016 318.142 371.257 796.656 613.924 586.663 637.836 356.869 570.223 437.193 402.487 418.044 490.68 515.549 544.207 450.087 451.319 315.03 290.1 381.437 341.243 479.037 793.769 455.245 288.129 290.82 278.553 703.264 311.64 367.544 362.774 465.676 534.346 483.003 439.899 307.795 384.367 419.943 657.109 426.24 334.119 445.872 387.989 
366.601 289.36 293.449 331.014 374.187 448.677 433.159 166.415 218.187 225.543 285.251 661.201 519.417 408.526 441.784 278.817 356.134 315.558 257.64 371.818 353.474 431.716 313.384 321.525 391.486 244.631 276.683 366.342 281.988 237.216 669.302 416.862 216.345 280.205 164.436 657.888 225.991 325.082 263.605 408.183 419.917 340.525 366.189 238.309 230.202 318.568 540.648 401.84 269.322 367.525 344.003 
256.542 264.101 206.748 92.8772 257.197 351.926 353.408 68.4174 86.7382 124.902 225.693 440.627 401.305 373.813 282.262 170.378 261.712 226.219 186.181 322.512 326.782 330.355 259.078 208.564 167.699 202.187 213.622 270.129 254.725 227.782 518.424 390.236 62.1715 142.308 55.6977 500.514 185.47 257.812 112.728 329.234 226.854 218.287 256.383 165.348 90.6852 164.952 396.954 288.296 232.131 352.061 288.938 
199.953 108.328 54.4592 72.6556 229.86 236.981 227.319 68.075 71.6251 66.8023 68.3815 370.604 246.25 220.548 229.102 95.6974 93.9693 84.0497 186.166 197.942 205.498 104.149 99.8119 100.712 65.8033 105.949 113.222 106.851 123.782 181.838 397.095 205.477 55.6019 94.7568 49.9574 193.937 62.2607 102.1 99.4522 184.351 225.177 218.074 98.4053 65.2342 88.5775 164.484 127.995 216.316 181.386 256.807 152.797 
199.839 107.867 53.8684 72.6543 229.826 223.905 199.223 68.0744 71.59 66.7536 41.198 205.17 245.817 210.288 229.039 95.6531 90.8255 80.8393 186.166 197.689 172.493 59.8583 63.3337 100.7 65.6946 105.682 112.708 104.24 102.831 87.958 245.393 204.14 55.6013 94.73 49.957 176.433 27.2109 100.637 99.4483 176.528 225.177 218.074 93.7476 62.0386 88.5747 164.484 106.604 216.203 98.616 197.026 117.927 
199.839 107.836 53.8677 72.6542 229.826 223.875 198 68.0744 71.59 66.7534 41.0343 199.274 245.816 209.381 229.039 95.6529 90.8193 80.8072 186.166 197.684 172.434 59.605 62.3863 100.7 65.6898 105.675 112.708 104.238 102.783 87.3717 245.303 204.049 55.6013 94.7299 49.957 176.34 27.1721 100.564 99.4482 176.332 225.177 218.074 93.7337 61.977 88.5747 164.484 106.527 216.203 97.6237 196.898 117.381 
