4813.97 4094.18 3559.72 4354.02 4939.83 5287.54 2838.13 4988.11 3633.16 4379.59 4417.54 4710.39 4092.71 4809.85 3659.33 4788.45 3682.83 4930.86 2739.68 3525.43 3878.02 3985.16 4079.15 4162.24 4723.83 2729.3 3818.23 3473.05 1957.03 5113.79 3003.46 3501.01 3916.5 4162.03 3075.79 2948.6 4493.34 4095.56 4441.55 3442.68 3444.46 1325.5 5003.9 2927.05 4279.18 2746.71 3146.47 6406.31 2984.93 3982.47 3798.41 
1335.34 1381.16 1144.51 956.816 1310.29 782.663 1131.83 964.09 982.271 804.588 1152.14 1529.93 1110.08 845.213 1279.04 1280.05 906.394 992.448 1307.17 1183.5 1324.99 1464.94 1072.11 1179.93 793.206 828.485 1220.84 1233.87 1115.1 895.071 1496.27 898.612 1151.74 1055.18 847.298 986.139 840.605 1011.08 1081.02 1403.95 1179.1 1256.31 987.972 814.162 1120.45 1318.49 1116.97 1361.59 1116.66 982.269 1006.74 
690.202 693.005 539.523 449.469 588.295 543.957 593.624 596.728 541.241 544.023 548.537 645.104 499.021 536.36 713.103 540.636 479.887 547.744 616.814 569.447 546.417 537.697 563.372 594.468 527.376 482.938 568.836 519.047 506.897 461.051 615.235 451.162 627.522 561.311 615.503 579.258 489.984 518.28 534.362 577.638 536.558 540.521 545.603 448.113 590.189 625.912 505.508 517.848 599.69 501.924 514.837 
270.654 267.328 277.307 253.98 268.79 235.368 290.582 261.387 232.148 244.173 248.368 268.057 246.512 262.616 275.792 272.846 266.385 264.868 296.616 241.167 262.702 261.455 230.051 264.954 250.472 239.126 269.382 240.214 257.777 223.281 242.222 234.546 280.854 218.122 244.937 264.64 257.965 265.683 261.874 268.639 307.343 249.491 274.887 242.468 257.496 274.985 233.06 265.9 279.675 279.693 253.359 
96.3318 124.856 126.795 131.126 129.152 124.046 128.339 130.213 122.3 119.995 121.158 129.362 124.747 128.965 120.549 124.254 121.488 121.516 129.603 124.132 126.774 124.788 122.757 126.39 130.357 120.644 121.24 121.076 120.878 122.761 126.056 120.011 122.675 125.023 124.983 129.212 123.761 123.353 125.293 118.101 133.35 122.562 127.03 131.03 125.332 128.048 122.496 127.203 131.934 132.725 125.232 
67.7872 76.8414 74.5257 77.8007 73.1657 75.4113 74.3559 74.6755 72.0554 72.5921 74.7411 72.6594 72.5437 74.5987 72.3698 72.5298 72.1281 73.0531 73.3346 72.9815 78.913 76.5958 72.3024 76.1669 72.8687 71.9234 72.3718 73.2291 71.4346 73.5819 73.8726 72.4234 72.3636 72.7221 72.9919 73.9411 72.5504 75.2065 72.7339 71.6227 73.1613 72.5532 73.2825 80.8668 72.7911 73.3297 72.5671 73.0503 78.2629 78.1756 72.9012 
1.03997 18.1824 10.6882 65.7594 64.1681 52.3882 30.0824 59.8352 8.80329 5.64943 8.36639 66.5959 4.11485 14.5851 4.08976 4.66457 31.0654 4.36791 9.37196 4.26039 4.43258 56.4863 4.9388 65.8632 7.28467 8.95591 22.952 4.77678 4.06474 4.6629 5.39707 5.5285 6.00421 5.04759 9.27107 7.66082 6.09016 62.2291 13.4735 3.94885 42.3225 4.98667 5.48404 74.3339 4.67823 8.5519 5.04788 44.566 10.1383 66.3151 9.16376 
0.00781717 2.68567 2.66658 4.07568 3.50206 3.35759 3.75 4.08182 3.20821 2.95617 2.22708 4.22717 1.53118 3.6757 2.83485 2.77786 4.06575 1.81417 4.0613 2.61276 4.07881 3.98309 1.37435 4.1478 1.98261 3.79845 2.82085 2.06721 1.36543 1.98783 3.00291 4.16924 2.11524 2.37658 4.07043 2.19247 2.59129 3.24809 2.77392 0.697635 4.40143 2.52477 3.13886 70.6344 3.02985 2.61154 1.95964 4.01633 3.041 4.4307 2.30798 
8.79817e-08 0.12026 0.0682941 0.673015 0.250898 0.210842 0.322544 0.667954 0.2686 0.0866831 0.0495143 1.3308 0.0285815 0.504517 0.181283 0.0633566 0.625722 0.0282078 0.525972 0.043394 1.09737 0.370512 0.0108633 0.967879 0.0269592 0.36074 0.124166 0.0321037 0.00837514 0.0752092 0.15384 3.44479 0.0425005 0.0446311 0.797362 0.0949673 0.128678 0.140288 0.0761886 0.000557123 2.74 0.0694547 0.221218 68.9862 0.118424 0.110247 0.0230369 0.473256 0.186446 4.07752 0.046032 
0 5.6754e-07 7.20084e-07 0.000338961 6.08596e-06 4.94353e-06 0.000184355 0.000391062 8.90756e-06 9.39794e-07 5.56102e-07 0.0197927 1.11964e-07 0.000127408 2.33738e-05 5.76001e-07 0.000272333 8.36984e-08 0.000155921 4.89556e-07 0.000405467 4.88048e-05 1.57609e-08 0.000361529 7.76276e-08 2.27691e-05 3.88342e-06 3.05207e-07 2.9113e-08 1.9711e-06 6.03499e-06 0.40093 2.14771e-07 5.08788e-07 0.000411313 5.81214e-06 2.28225e-06 3.62953e-06 3.89525e-07 0 0.101673 1.08247e-06 6.35127e-06 32.1447 3.83413e-06 1.39893e-06 1.77369e-07 2.04537e-05 3.37157e-06 0.907649 3.36435e-07 
0 0 0 0 0 0 0 0 0 0 0 0 0 0 0 0 0 0 0 0 0 0 0 0 0 0 0 0 0 0 0 4.79675e-05 0 0 0 0 0 0 0 0 2.62786e-07 0 0 0.422225 0 0 0 0 0 0.000232368 0 
0 0 0 0 0 0 0 0 0 0 0 0 0 0 0 0 0 0 0 0 0 0 0 0 0 0 0 0 0 0 0 0 0 0 0 0 0 0 0 0 0 0 0 8.33802e-07 0 0 0 0 0 0 0 
0 0 0 0 0 0 0 0 0 0 0 0 0 0 0 0 0 0 0 0 0 0 0 0 0 0 0 0 0 0 0 0 0 0 0 0 0 0 0 0 0 0 0 0 0 0 0 0 0 0 0 
0 0 0 0 0 0 0 0 0 0 0 0 0 0 0 0 0 0 0 0 0 0 0 0 0 0 0 0 0 0 0 0 0 0 0 0 0 0 0 0 0 0 0 0 0 0 0 0 0 0 0 
