202.997 204.628 205.038 204.473 205.17 200.114 202.868 205.174 203.434 204.458 193.861 204.366 204.639 204.278 205.122 205.343 206.309 203.499 204.626 203.902 203.403 204.94 191.886 191.142 201.358 205.273 204.194 189.041 195.549 190.675 206.065 204.272 203.473 176.162 204.683 205.529 205.014 204.736 205.432 201.912 204.895 203.749 207.347 206.706 205.977 206.976 204.251 200.248 207.056 204.136 204.881 
191.079 203.841 196.274 196.909 203.364 191.143 198.386 202.577 182.847 199.341 192.721 202.968 203.567 202.551 203.458 203.425 202.77 202.726 203.409 203.902 201.614 203.133 158.738 191.142 191.342 203.015 191.822 188.193 195.549 190.675 201.565 201.513 196.324 176.162 202.977 203.527 203.159 201.013 203.347 201.912 203.316 195.614 198.742 203.45 202.795 203.692 200.77 197.853 202.72 203.366 187.631 
191.079 202.174 196.274 196.909 202.664 191.143 198.386 202.577 179.381 174.192 186.988 202.412 202.383 202.536 202.035 202.81 202.129 202.139 201.187 202.977 201.179 199.814 154.604 191.142 191.342 202.439 191.822 170.263 195.549 190.675 201.565 191.053 196.324 176.162 202.347 202.639 201.397 198.718 202.568 193.478 202.359 187.756 198.742 201.9 202.234 202.516 200.77 186.484 201.537 202.553 187.631 
176.559 199.863 195.875 185.453 199.895 191.143 198.386 195.317 165.4 174.192 170.821 201.959 200.512 201.935 200.139 201.551 201.997 201.879 201.187 201.698 201.179 197.808 144.924 177.475 176.245 201.408 191.822 152.661 195.549 180.279 201.565 188.683 193.925 176.162 201.79 201.933 201.054 189.942 202.174 193.154 201.491 174.808 197.92 199.908 202.012 201.878 200.77 163.741 193.995 201.333 171.361 
149.536 157.268 195.875 165.645 178.621 160.189 191.558 156.235 154.675 146.221 151.209 200.53 176.207 201.515 173.946 200.681 201.479 201.495 201.079 169.878 200.772 158.712 144.924 161.397 156.799 198.673 170.781 152.661 186.277 159.583 201.508 160.503 146.599 155.027 201.354 201.502 199.85 158.845 201.38 158.296 189.28 154.929 164.538 174.009 183.744 200.546 196.607 142.86 169.805 187.39 149.876 
131.057 141.623 172.968 145.329 137.694 134.736 161.121 150.286 139.423 137.922 130.698 199.38 150.183 201.374 147.333 200.681 201.294 201.336 190.053 150.254 175.193 133.351 135.281 132.713 148.879 186.015 148.145 145.663 156.491 149.166 201.336 142.913 144.469 134.806 201.129 201.336 156.869 133.285 201.32 146.021 137.938 142.2 143.804 159.917 149.557 163.611 165.339 136.258 143.968 142.521 134.095 
120.318 134.512 148.939 134.838 133.425 127.366 148.201 132.137 122.613 125.994 122.115 175.338 133.744 201.374 135.611 199.293 201.293 201.336 151.19 129.823 169.699 129.909 124.727 126.926 132.229 149.342 132.927 124.54 135.636 136.55 201.336 125.805 121.868 126.189 201.129 201.336 140.28 124.134 201.32 125.711 133.68 128.283 133.553 144.866 136.743 146.404 153.207 123.58 124.377 136.135 126.701 
118.619 127.157 147.002 125.659 130.353 119.837 134.741 128.268 117.494 119.835 120.565 135.177 126.919 201.374 133.252 199.156 201.293 201.336 138.205 127.026 168.548 123.785 119.453 113.4 123.039 132.898 131.298 120.987 126.12 128.951 201.336 120.872 120.974 119.128 201.129 201.336 127.114 118.828 201.32 121.013 126.308 126.372 125.544 132.986 128.894 131.376 131.6 118.489 117.671 125.672 121.752 
113.633 123.691 147.002 123.245 128.044 115.934 126.667 125.753 115.578 118.418 114.939 129.356 125.976 201.374 125.454 197.993 201.293 201.336 127.338 124.706 167.936 122.157 117.915 104.111 119.674 126.854 126.803 117.358 123.043 125.999 201.336 120.683 119.942 113.283 201.129 201.336 123.145 116.879 201.32 117.654 122.68 123.756 122.259 131.131 127.544 126.947 129.15 117.003 117.175 125.476 117.947 
112.684 121.43 147.002 119.732 124.494 113.768 123.327 125.504 105.617 116.426 114.68 123.379 124.446 201.374 124.385 197.47 201.293 201.336 123.968 123.852 164.055 119.612 117.006 100.003 117.043 124.763 124.111 115.542 117.185 125.234 201.336 119.152 116.015 110.555 201.129 201.336 122.293 116.204 201.32 113.424 121.427 118.8 119.084 126.861 125.522 122.546 126.011 114.739 115.481 123.365 114.139 
111.815 116.353 147.002 117.886 124.08 112.864 123.327 122.323 101.139 114.593 114.379 120.627 118.717 201.374 122.821 196.454 201.293 201.336 123.929 115.851 161.634 117.962 114.467 100 102.761 120.978 123.742 112.523 114.87 122.509 201.336 114.47 112.618 108.486 201.129 201.336 121.229 114.645 201.32 112.757 116.481 117.418 117.991 124.434 125.109 122.546 126.011 111.991 112.654 122.546 111.8 
100 109.736 147.002 115.263 119.652 112.185 123.327 119.422 100 112.283 114.379 116.458 115.983 201.374 122.281 196.454 201.293 201.336 123.929 112.387 159.819 107.528 110.791 100 100 120.77 123.742 112.387 114.21 114.067 201.336 112.387 112.185 107.172 201.129 201.336 121.229 112.283 201.32 100 116.053 111.974 116.378 123.726 125.109 122.546 126.011 100.055 112.387 122.546 100.602 
100 109.196 147.002 115.263 118.808 112.185 123.327 117.076 100 112.283 114.379 116.181 115.983 201.374 122.281 196.454 201.293 201.336 123.929 112.387 159.819 107.172 110.791 100 100 120.77 123.742 112.387 114.21 112.738 201.336 112.387 112.185 107.172 201.129 201.336 121.229 112.283 201.32 100 116.053 111.906 116.378 123.726 125.109 122.546 126.011 100 112.387 122.546 100 
100 109.196 147.002 115.263 118.808 112.185 123.327 117.076 100 112.283 114.379 116.181 115.983 201.374 122.281 196.454 201.293 201.336 123.929 112.387 159.819 107.172 110.791 100 100 120.77 123.742 112.387 114.21 112.738 201.336 112.387 112.185 107.172 201.129 201.336 121.229 112.283 201.32 100 116.053 111.906 116.378 123.726 125.109 122.546 126.011 100 112.387 122.546 100 
