1.83142e+06 1.85287e+06 499716 1.0337e+06 2.99133e+06 2.53611e+06 2.11993e+06 2.79107e+06 2.70215e+06 1.468e+06 1.92376e+06 1.75305e+06 1.39902e+06 1.69138e+06 1.95349e+06 1.95847e+06 1.78135e+06 2.40474e+06 2.73713e+06 3.4493e+06 1.11624e+06 2.34008e+06 1.34226e+06 1.28537e+06 1.45485e+06 3.34082e+06 1.50747e+06 2.82068e+06 2.53262e+06 2.39802e+06 1.17905e+06 2.14056e+06 2.06069e+06 1.64016e+06 2.91679e+06 795066 2.63137e+06 2.36164e+06 2.14836e+06 1.16997e+06 2.62909e+06 2.73291e+06 2.57728e+06 3.49691e+06 1.71813e+06 2.77998e+06 606750 2.46929e+06 1.56583e+06 805957 1.75979e+06 
218414 145281 93307.8 142755 208900 193447 156735 14702.8 126495 143065 118345 178731 189813 277952 139917 143150 103691 160418 194068 149962 139189 233345 138586 144312 114034 213320 152806 185744 108859 271484 113985 181358 112432 246679 146484 214792 201468 162294 121463 114210 259075 128740 287553 178953 316608 151040 166778 241613 123358 161248 160363 
29086.8 7668.71 16927 13491.7 21750.1 26007.3 27716 6507.07 18236 21808.1 10762.4 14593.5 21374 35561.3 24489 12107 19991.3 6748.03 15100.2 41261.6 25850.1 23748.3 8327.18 12892.4 4403.6 18708.1 33256.9 16090.1 10633.3 23161.6 29338.9 11981.1 17446.9 34289.3 18871.8 31641.6 9328.88 15030.7 10741.8 16666.7 12153.1 11616.3 21157.9 12428.9 15866.3 19319.5 26944.5 15416.4 11440.1 7810.72 25782.2 
703.841 314.131 322.608 403.011 317.068 192.691 333.133 479.353 129.474 393.772 239.861 535.123 351.078 471.199 671.402 236.211 246.583 297.607 302.814 188.811 309.129 529.931 347.196 529.714 167.888 465.911 566.354 310.412 371.047 345.363 269.345 564.106 295.454 362.547 279.382 527.421 310.448 239.708 396.946 549.843 264.979 253.06 373.086 224.489 302.291 395.809 439.714 374.263 197.352 274.718 409.553 
33.3941 37.7134 37.4126 36.0463 36.1125 36.1704 37.5298 35.6673 37.6164 37.5629 35.7429 35.9095 31.9256 30.7344 37.5581 35.6997 36.9406 37.2645 35.8262 36.5411 36.3216 35.9271 35.0458 37.1624 37.1772 35.7044 33.3313 36.6635 36.7404 37.3337 36.0283 36.1707 33.5555 34.1882 34.2718 32.0861 31.5705 31.2052 37.1711 37.0842 39.3002 37.9269 37.0571 34.722 38.4412 30.8419 37.7896 33.9325 33.8498 32.3607 34.5664 
31.5293 30.9802 29.4705 30.2688 29.4906 30.6153 32.4614 31.2802 33.2824 31.7543 30.0739 30.4523 31.5028 30.5453 30.5479 31.5047 28.859 30.8269 28.6184 30.4844 30.261 31.9181 32.4956 30.946 30.3413 29.4159 31.6608 31.3782 32.5764 30.6897 29.8571 30.7685 29.6074 31.5285 30.9902 31.0365 31.5705 30.591 31.5303 31.4524 32.4722 30.2692 30.2907 29.5252 32.3145 30.8419 32.2377 33.0844 30.3174 29.8786 30.4002 
29.7056 30.3148 28.4385 28.74 27.8647 27.1587 27.1286 29.6199 28.5413 30.2489 28.5954 29.0778 29.5442 26.936 29.6498 29.7827 28.3944 28.7613 28.6184 26.6802 27.5114 29.3311 29.5696 27.6335 28.1884 29.2834 26.3145 30.4826 29.9229 26.6357 29.8571 28.2245 27.8422 28.7045 28.4601 30.1595 29.0136 28.8804 28.8269 26.1163 28.0054 29.3632 29.7314 29.1895 30.2392 30.343 28.1022 27.8957 26.858 29.8786 30.167 
25.6637 26.8445 26.8962 24.7221 25.9914 23.9404 26.1543 24.7216 27.2628 24.4392 23.2288 25.5968 23.7695 25.2224 22.9511 25.9817 26.4664 25.4621 27.4008 25.7635 23.8093 23.2458 26.2446 25.7196 25.5389 23.9435 25.999 27.1289 26.2185 24.8556 25.1323 23.5079 25.2819 25.9064 26.1686 25.984 25.1292 24.4048 26.0865 25.5325 25.358 25.1775 25.5402 25.7586 27.0683 26.1204 24.9275 25.282 24.9206 27.2997 26.9902 
23.2307 24.2393 23.5865 22.9367 23.6921 20.2598 24.881 22.863 24.5868 23.5537 22.9478 23.811 22.3885 22.6914 22.1526 23.0135 21.341 23.7202 23.0101 23.5006 21.593 22.2657 23.4312 22.3601 22.5712 21.491 23.504 23.6889 23.3649 22.4606 23.7425 22.3772 24.6173 20.6861 23.3899 21.0769 24.7461 20.8698 22.4904 24.1126 24.8545 22.7434 22.4954 23.6092 24.0776 21.7046 23.1093 23.3968 23.4812 23.3552 23.5712 
21.9898 20.9141 21.0194 20.9568 21.1047 17.2368 21.8109 18.9781 22.0298 20.0867 21.9574 21.2763 19.5364 17.3949 20.2905 21.7489 19.6009 22.3106 21.3051 21.474 21.3614 20.6201 23.2135 19.8507 21.1717 20.3494 22.0865 22.3167 20.7816 19.6717 20.1127 19.3532 20.7598 18.4433 19.538 20.0808 21.3899 17.8099 21.0709 21.5962 20.7802 21.1687 20.7751 22.8607 20.6238 20.8573 20.9471 20.3186 19.8421 20.603 20.7896 
19.1915 18.168 17.7189 17.0038 16.5685 16.5821 16.2977 12.55 17.4462 18.1193 18.4797 17.3649 17.5986 16.8704 16.5715 15.605 16.853 16.9837 16.7883 17.9903 18.847 17.2455 19.9062 16.4839 15.7551 17.5015 17.1224 18.3553 14.8736 12.2528 14.3508 15.9873 16.5909 14.9657 17.5436 16.3754 18.7129 14.1914 18.3023 17.9255 16.6766 18.5115 17.3277 18.8525 16.8512 16.4868 14.6718 14.1581 16.4072 17.6149 15.0752 
12.559 12.3314 13.0637 12.0512 12.141 11.6076 13.2752 11.2753 13.1556 12.4944 13.6984 13.3034 13.2365 12.4409 12.3227 12.0225 11.0149 11.6031 12.4727 13.5896 13.4937 12.868 12.4835 12.9316 11.6897 14.1287 13.5417 12.1046 11.405 10.302 11.3042 11.8417 13.0501 12.744 11.871 12.5901 12.1575 10.3796 13.0187 12.3177 12.0695 12.9792 13.2451 12.1447 11.6605 12.4488 11.6153 11.2459 10.5605 12.9828 10.863 
9.95518 9.04024 8.8005 8.75644 8.39095 8.91731 9.41979 8.81861 9.37407 8.62689 10.6141 10.1787 8.08235 9.73492 8.54397 8.2979 8.28388 8.49967 8.40542 8.75002 8.77668 8.10878 9.98832 9.27075 9.20711 9.56804 8.70751 8.4908 9.01979 8.2125 9.23067 9.25308 8.41578 9.46297 7.32214 8.6502 8.21708 7.9728 10.0075 9.65158 9.02086 8.99473 9.58656 9.0836 9.14489 9.28455 7.98986 8.07514 8.01846 9.31384 8.78559 
4.29394 4.009 4.15441 3.93914 4.59525 5.03137 5.01144 4.69596 5.19873 3.36733 4.66853 4.38365 3.93839 4.14312 3.84138 4.30875 3.64605 3.62254 4.11631 2.97771 4.28944 4.08073 4.48296 3.67112 3.89456 4.47291 4.16556 3.86272 3.75479 3.95494 4.48697 3.95956 4.53357 4.02812 3.52023 3.7583 3.79935 3.55933 3.61174 4.22763 5.17018 3.8331 3.92159 4.47031 5.0018 4.33045 3.88103 4.26215 3.36706 3.98844 3.6661 
