1951.37 2064.54 1247.04 2217.49 1934.06 2076.63 1882.4 2125.88 2143.89 2245.15 2125.69 2080.66 2190.48 2056.27 2088.45 1835.99 1523.35 2169.38 1971.28 2076.55 1732.22 2029.72 2117.19 1928.22 1528.43 2076.45 1721.48 1516.14 2043.05 1988.74 1776.87 2021.81 2125.25 1626.14 2183.58 2099.16 1861.04 1837.99 2076.64 2140.59 2013.12 1689.75 2122.26 1752.57 1925.85 2281.51 1737.18 1636.86 2088.22 2045.3 1725.73 
1861.23 2015.08 1247.04 1892.7 1934.06 1993.01 1882.4 1765.51 1999.1 1837.55 1665.54 1999.75 1830.95 2033.92 2060.92 1823.55 1523.35 2064.01 1841.54 2076.55 1732.22 2029.72 1704.82 1819.09 1528.43 1978.6 1721.48 1335.11 1300.97 1827.62 1776.87 1976.43 1673.35 1626.14 2183.58 1626.6 1720.32 1837.99 1647.54 1991.63 1538.7 1689.75 1654.6 1752.57 1925.85 2056.38 1737.18 1636.86 1967.66 1311.71 1725.73 
1789.93 2003 1247.04 1892.7 1327.28 1993.01 1882.4 1765.51 1943.78 1733.48 1665.54 1614.84 1830.95 1667 1700.16 1823.55 1523.35 1505.15 1841.54 2076.55 1732.22 1932.15 1704.82 1810.41 1528.43 1746.96 1721.48 1335.11 1300.97 1827.62 1776.87 1976.43 1673.35 1626.14 1883.69 1193.07 1720.32 1837.99 1647.54 1991.63 1538.7 1689.75 1596.55 1752.57 1925.85 2007.15 1737.18 1636.86 1967.66 1311.71 1725.73 
1602.05 1868.57 1247.04 1892.7 1327.28 1820.87 1862.89 1765.51 1174.14 1386.41 1665.54 1614.84 1830.95 1667 1700.16 1609.36 1501.04 1505.15 1390.98 1622.63 1732.22 1565.64 1683.55 1403.51 1528.43 1746.96 1721.48 1335.11 1300.97 1623.27 1682.85 1915.52 1673.35 1626.14 1813.17 1193.07 1604.29 1837.99 1647.54 1757.09 1538.7 1361.2 1553.38 1579.79 1485.91 1789.52 1690.3 1627.11 1694.84 1311.71 1725.73 
1330.02 1600.89 1247.04 1419.78 1327.28 1129.08 1410.21 1467.89 1174.14 1386.41 1567.63 1614.84 1476.6 1667 1485.39 1609.36 1501.04 1315.27 1283.85 1535.38 1725.16 1498.08 1336.87 1403.51 1437.56 1658.95 1344.9 1297.47 1300.97 1527.65 1462.97 1408.56 1653.13 1407.24 1813.17 1193.07 1476.77 1450.1 1647.54 1757.09 1516.95 1361.2 1182.01 1275.28 1294.95 1470.83 1579.1 1220.52 1569.17 1218.72 1479.01 
1330.02 1169.73 1192.36 846.203 893.943 1129.08 1283.44 1119.99 1174.14 1200.77 1204.11 1276.44 802.27 1214.16 1163.95 1406.5 1034.23 1128.62 1071.57 1062.24 1294.7 1299.2 1304.35 859.582 1107.4 1364.27 1236.28 1297.47 1277.53 1427.49 703.678 1408.56 1422.55 995.068 1221.42 959.284 1192.83 1232.02 1317.53 1456.96 931.98 1361.2 1115.16 1275.28 1294.95 1255.93 1457.9 1220.52 1330.51 1142 1153.24 
550.069 870.091 766.4 482.448 340.394 702.022 776.754 710.56 920.792 820.225 639.567 998.047 780.065 899.837 838.033 809.474 447.228 696.541 466.917 666.225 729.832 433.817 766.956 827.901 832.813 758.497 509.361 605.97 1044.27 883.586 689.01 900.277 755.921 436.012 990.903 935.15 838.018 735.834 961.075 657.644 576.778 866.122 582.645 1065.09 827.079 780.422 624.54 786.392 872.777 546.49 936.004 
346.03 559.983 591.913 399.665 286.275 513.931 596.698 639.985 584.203 612.826 177.973 638.465 516.833 665.575 599.155 632.85 263.519 295.425 166.487 640.824 525.959 316.06 600.853 583.653 624.627 659.912 173.646 563.594 505.787 574.618 451.525 696.549 406.257 339.606 404.272 555.416 525.654 710.915 404.332 511.888 518 547.431 374.2 501.05 519.693 498.471 535.045 653.948 548.06 474.988 588.519 
304.255 376.172 504.361 289.883 83.7674 376.808 539.215 495.195 334.315 445.211 102.09 460.953 385.904 385.589 346.43 543.555 214.115 155.309 56.0207 396.217 206.9 223.504 394.6 464.581 511.072 502.865 139.147 443.035 489.779 248.504 365.554 364.087 135.899 157.218 378.001 535.408 281.73 357.333 373.478 209.734 309.658 390.144 275.418 323.328 217.219 131.529 265.125 296.324 473.882 387.103 519.954 
158.571 229.379 84.8284 201.904 23.1084 160.869 454.892 146.627 168.727 214.238 39.326 380.959 285.301 108.802 256.997 213.38 100.659 119.656 28.6338 194.712 51.0881 113.669 97.4622 61.811 300.871 314.768 67.5131 308.495 329.059 129.128 230.557 315.952 84.4486 47.9869 290.294 281.504 185.242 280.08 313.32 18.1994 121.587 198.689 61.6285 256.461 125.663 74.4319 131.266 267.268 282.559 223.891 308.725 
34.8212 97.693 52.4685 138.106 16.691 68.8848 298.655 76.946 38.0032 78.1531 13.5344 158.719 258.94 49.3316 105.991 91.8548 21.5954 55.2669 23.0714 40.3172 26.3275 21.5444 40.6689 27.4899 173.531 35.6441 28.0787 141.154 246.725 76.714 88.3158 246.062 53.0166 25.9156 267.234 215.339 38.4672 157.962 181.326 7.53062 38.7895 61.9779 44.6705 20.8267 30.4764 61.6767 35.2377 46.1203 255.282 15.1635 116.615 
26.7017 42.6231 29.9317 136.86 6.50007 27.0221 175.662 32.5889 26.8695 48.3936 8.86453 21.9825 248.115 16.2887 36.3304 38.5112 4.74257 37.8292 13.9696 26.1835 20.4306 18.2572 10.0271 21.8573 17.0396 21.3112 19.4288 36.141 137.293 42.6392 47.4802 201.851 37.4779 6.42323 209.849 45.1026 5.05197 102.931 133.79 6.11961 21.972 40.8473 22.6231 17.7964 22.074 53.6275 23.1245 29.2756 222.975 5.81768 79.4622 
23.4092 21.887 18.4721 133.62 3.41496 6.89238 161.784 15.1196 6.95483 36.9483 6.89238 18.4721 242.196 3.60232 25.2437 13.7223 3.60232 31.8863 3.60233 18.5345 15.2447 15.182 7.14219 18.4721 6.95483 15.182 13.5349 18.4721 0.187363 35.0514 30.1772 178.484 3.47742 3.53987 26.8242 31.8863 3.72723 53.3403 118.563 3.66478 18.597 38.4039 18.4096 10.4327 18.597 50.1751 18.5345 18.597 11.892 3.53987 61.6299 
23.4092 21.887 18.4721 133.62 3.41496 6.89238 161.784 15.1196 6.95483 36.9483 6.89238 18.4721 242.196 3.60232 25.2437 13.7223 3.60232 31.8863 3.60232 18.5345 15.2445 15.182 7.14219 18.4721 6.95483 15.182 13.5349 18.4721 0.187363 35.0514 30.1767 178.484 3.47742 3.53987 26.8242 31.8863 3.72723 53.3403 118.563 3.66478 18.597 38.4039 18.4096 10.4322 18.597 50.1751 18.5345 18.597 11.892 3.53987 61.6299 
