1.33066 0.990804 1.04582 1.28405 1.24042 1.27355 0.942278 1.09061 0.992279 1.34022 1.35545 1.25843 1.03155 1.22411 0.923585 1.24336 1.48117 1.55612 1.06381 1.40871 1.72564 1.47539 1.74644 1.12329 1.32683 1.81419 1.13952 1.01557 0.895822 1.02004 1.51265 1.38678 1.60881 1.0778 1.94319 1.42688 1.50296 1.52658 1.43024 1.7992 1.73125 1.41716 1.0506 0.841622 1.16098 1.21187 0.978127 1.05031 1.61586 1.20586 1.20731 
0.628246 0.417966 0.414746 0.662266 0.704156 0.594073 0.781496 0.725742 0.732224 0.579433 0.486717 0.67456 0.595244 0.792642 0.709885 0.783525 0.665348 0.58063 0.59981 0.770274 0.486538 0.658984 0.724621 0.823016 0.750222 0.6677 0.656748 0.458418 0.720763 0.754028 0.607771 0.768063 0.784445 0.503131 0.651919 0.716364 0.581469 0.678791 0.68649 0.820719 0.792553 0.606339 0.640574 0.765364 0.75602 0.489815 0.619224 0.451501 0.656871 0.698566 0.847993 
0.501363 0.417966 0.326241 0.432352 0.397343 0.38546 0.343181 0.443934 0.338524 0.579433 0.26495 0.449589 0.434793 0.596098 0.535158 0.592981 0.486976 0.484614 0.27919 0.405585 0.486538 0.380899 0.470871 0.554035 0.430737 0.28591 0.315628 0.458418 0.45379 0.377754 0.487913 0.536716 0.64854 0.503131 0.304963 0.56854 0.384915 0.470312 0.425304 0.417919 0.305324 0.606339 0.484373 0.47112 0.291213 0.489815 0.26743 0.451501 0.488443 0.472591 0.360011 
0.397432 0.366584 0.30526 0.430525 0.359007 0.231116 0.305463 0.355636 0.338524 0.488026 0.26495 0.360046 0.434793 0.392649 0.283653 0.447429 0.309356 0.484614 0.27919 0.341522 0.345802 0.279831 0.313201 0.495742 0.365858 0.28591 0.315628 0.369009 0.319445 0.377754 0.457788 0.218396 0.240642 0.36561 0.304963 0.355635 0.384915 0.364016 0.396342 0.318056 0.191723 0.521652 0.463155 0.430179 0.291213 0.317865 0.26743 0.451501 0.228791 0.336261 0.347503 
0.316876 0.153814 0.262976 0.296276 0.239186 0.218873 0.305463 0.331876 0.338524 0.290293 0.26495 0.262375 0.299689 0.32055 0.135434 0.176847 0.227031 0.192829 0.27919 0.228393 0.222474 0.279831 0.248621 0.334009 0.213258 0.195795 0.291817 0.257827 0.242529 0.302361 0.262003 0.209466 0.218496 0.257995 0.304963 0.339075 0.349905 0.340118 0.266287 0.271184 0.191723 0.294507 0.274131 0.316501 0.291213 0.300099 0.26743 0.357245 0.19518 0.250964 0.322208 
0.215911 0.153814 0.170622 0.137712 0.21357 0.201461 0.235173 0.198099 0.181721 0.262887 0.235421 0.215447 0.179512 0.137717 0.135434 0.171075 0.187331 0.16511 0.241937 0.211934 0.195323 0.246525 0.209607 0.177593 0.140529 0.156627 0.165337 0.228547 0.184893 0.157923 0.189115 0.178894 0.218496 0.17671 0.16306 0.181334 0.251125 0.193433 0.16575 0.14932 0.167003 0.21099 0.216624 0.190125 0.22099 0.19542 0.235259 0.182998 0.129642 0.238554 0.230295 
0.162126 0.129873 0.13575 0.137712 0.19584 0.192913 0.181539 0.165449 0.157296 0.125387 0.150722 0.191595 0.131785 0.137717 0.114751 0.135521 0.128124 0.16511 0.109806 0.165236 0.0995718 0.190578 0.161694 0.134779 0.0454325 0.136895 0.120083 0.14849 0.15907 0.100782 0.136501 0.132075 0.159149 0.154702 0.135051 0.159074 0.150581 0.153423 0.15127 0.104198 0.145702 0.117474 0.203544 0.190125 0.167254 0.117082 0.151204 0.168059 0.129642 0.153453 0.116999 
0.109545 0.0771916 0.103973 0.137712 0.168434 0.101235 0.135404 0.165449 0.110744 0.125387 0.112558 0.173318 0.113446 0.130562 0.114751 0.126422 0.104674 0.116787 0.104503 0.109648 0.0477086 0.1422 0.123963 0.102376 0.0454325 0.101353 0.110424 0.101806 0.143705 0.100782 0.115745 0.102381 0.0891044 0.110263 0.0988441 0.138787 0.0507693 0.112349 0.15127 0.104198 0.108841 0.115347 0.14071 0.172193 0.167254 0.103212 0.1286 0.101998 0.129642 0.149158 0.116999 
0.105827 0.0771916 0.103973 0.128204 0.112184 0.101235 0.133421 0.144093 0.110744 0.12392 0.0878462 0.155915 0.0965434 0.128531 0.114751 0.0942044 0.104674 0.116787 0.104503 0.109648 0.0477086 0.1422 0.113455 0.0914264 0.0454325 0.0989355 0.0767298 0.101806 0.140551 0.100782 0.115745 0.0766798 0.0721762 0.0743847 0.0988441 0.138787 0.0507693 0.112349 0.0981667 0.104198 0.108841 0.0846524 0.112332 0.172193 0.111945 0.0901973 0.116824 0.101998 0.070758 0.121562 0.100887 
0.0909571 0.0500624 0.0819592 0.0896654 0.112184 0.0720142 0.100067 0.0998971 0.110744 0.0962015 0.0878462 0.141469 0.0945335 0.107883 0.114751 0.0729952 0.102768 0.101524 0.0870354 0.109648 0.0477086 0.0816826 0.108743 0.0914264 0.0454325 0.064162 0.0767298 0.101806 0.098945 0.093425 0.115745 0.0766798 0.0721762 0.0743847 0.0975997 0.11705 0.0507693 0.0874407 0.0923823 0.104198 0.0969008 0.0846524 0.111757 0.0859799 0.111945 0.0901973 0.116824 0.101998 0.070758 0.121562 0.0764665 
0.0909571 0.0500624 0.06459 0.0776874 0.10593 0.0720142 0.100067 0.0998971 0.0925411 0.0817299 0.0767693 0.141469 0.0699317 0.107883 0.0764789 0.0729952 0.102768 0.101524 0.0773878 0.0564162 0.0477086 0.0806064 0.0762195 0.0855543 0.0454325 0.0534077 0.0767298 0.0954235 0.0836451 0.0806776 0.0954075 0.0766798 0.0700936 0.0743847 0.0768166 0.0967382 0.0507693 0.0874407 0.0792016 0.0687716 0.0969008 0.0689147 0.0901269 0.0859799 0.111945 0.0701322 0.110234 0.101998 0.070758 0.0760739 0.0764665 
0.0909571 0.0500624 0.06459 0.0720181 0.0957681 0.0720142 0.0851024 0.0998971 0.0795139 0.0766837 0.0727159 0.102301 0.0698756 0.0746813 0.0764789 0.0729952 0.0952944 0.0779817 0.0773878 0.0564162 0.0477086 0.0647489 0.0762195 0.0855543 0.0454325 0.0534077 0.0767298 0.0807926 0.0836451 0.0806776 0.0682293 0.0766798 0.0700936 0.0743847 0.067719 0.0860799 0.0507693 0.0517767 0.0792016 0.0687716 0.0969008 0.0689147 0.0878254 0.0859799 0.102374 0.0701322 0.10565 0.101998 0.070758 0.0760739 0.0764665 
0.042021 0.0500624 0.06459 0.0226306 0.0545533 0.0223493 0.0552887 0.0331654 0.0586201 0.023065 0.0549122 0.0703878 0.0170101 0.0163635 0.0764789 0.0715357 0.0322875 0.027024 0.0773878 0.0564162 0.00814571 0.0197152 0.0348763 0.0401841 0.0454325 0.0106895 0.0237549 0.0242221 0.0576744 0.0746918 0.0208989 0.0399049 0.0697505 0.0282399 0.0128409 0.0860799 0.0462048 0.0517767 0.0792016 0.0164548 0.0969008 0.0333594 0.0210424 0.0653611 0.0488599 0.0701322 0.0427482 0.0521196 0.0228972 0.0271856 0.0764665 
0.0219525 0.0295635 0.032936 0.0226306 0.0540853 0.0223492 0.0552886 0.0326889 0.019666 0.023065 0.0220697 0.0597365 0.0170101 0.0163634 0.0359501 0.0199574 0.0317812 0.027024 0.033568 0.0246152 0.00594399 0.0197152 0.0348762 0.0401841 0.0214391 0.0106895 0.0222038 0.024222 0.0576744 0.0163334 0.0206086 0.0399049 0.0238359 0.0282398 0.0128409 0.026093 0.0226843 0.0279713 0.0494295 0.0164548 0.0507743 0.0333593 0.0210423 0.025496 0.0488599 0.0138122 0.0427482 0.0518494 0.0228972 0.026201 0.00969012 
