320.077 269.525 260.282 245.994 286.04 289.951 271.358 241.889 280.108 294.222 298.561 285.396 276.17 303.745 329.349 236.642 258.201 306.068 279.44 260.997 302.016 283.446 303.586 285.59 261.144 286.688 262.34 270.75 287.245 216.056 244.108 223.989 279.12 250.94 249.845 279.435 259.838 255.45 237.59 291.329 302.99 281.249 302.824 261.774 276.998 270.517 319.563 286.694 306.828 237.111 317.214 
77.3344 84.8061 116.006 98.1702 75.1697 92.9025 91.6205 117.319 86.4392 85.5152 71.0505 97.0631 99.3265 91.7012 90.2616 99.1901 95.8114 59.8049 83.9481 79.0199 94.6594 123.346 108.788 106.203 101.252 108.897 114.212 74.2423 89.5108 101.036 69.0966 105.361 101.969 130.663 100.167 88.8539 110.416 96.0531 88.2915 114.82 93.704 94.2594 128.988 106.836 98.1441 105.632 122.078 90.5438 109.368 90.0082 81.6621 
40.0227 52.0086 43.2082 42.6634 34.1735 42.5085 42.5048 45.3672 39.5551 33.8374 38.751 41.2274 48.7959 32.4747 47.0286 32.3688 45.0415 51.0417 40.7939 33.1933 37.2247 44.7577 44.6898 45.7181 48.5102 36.3567 29.5025 39.452 39.3127 48.4183 37.5153 41.6057 31.7476 39.3727 45.1726 35.7383 48.5892 39.3403 34.7095 41.0574 41.9628 40.4492 36.9709 44.7489 39.8589 36.3659 43.102 48.7371 52.1329 39.4183 33.4323 
7.14165 7.62814 7.73123 8.22285 8.94916 9.7018 7.01326 7.37442 9.91296 8.53895 8.49674 10.9297 7.88831 8.0701 8.6915 9.01881 9.57127 9.52753 8.32755 6.69439 7.26045 11.0008 9.76052 7.9154 8.62477 8.81006 8.45286 9.52518 7.81807 8.67252 8.03497 10.1342 8.28361 9.89669 8.94893 9.40324 9.21667 9.17821 9.15296 8.28012 7.58633 7.85136 6.68993 8.49693 7.67539 8.95652 9.43764 6.90117 9.28713 7.14064 8.68392 
1.03736 1.0873 1.07274 1.05824 1.0546 1.06103 1.0588 1.03916 1.06484 1.06849 1.05362 1.07585 1.06992 1.06731 1.07388 1.07023 1.07722 1.0474 1.04727 1.06694 1.04201 1.081 1.04788 1.05474 1.0536 1.07067 1.07087 1.06189 1.04486 1.03542 1.06618 1.0813 1.05477 1.0816 1.08477 1.05678 1.07296 1.06728 1.05765 1.06031 1.07182 1.05072 1.07598 1.06463 1.07293 1.07017 1.0728 1.06494 1.07346 1.04172 1.0375 
0.000261497 0.000403494 0.00039723 0.000568762 0.000839846 0.000580447 0.000462517 0.000242619 0.000574762 0.000595255 0.000541321 0.000296273 0.000522978 0.000477948 0.000545476 0.000530826 0.000578438 0.000532916 0.000557637 0.000400473 0.000509261 0.000846976 0.000812375 0.000427211 0.000668841 0.000216022 0.000506043 0.000239438 0.000367949 0.000630572 0.000602395 0.000534586 0.000619305 0.000463924 0.000871431 0.000407228 0.000527428 0.000507611 0.000446309 0.000536219 0.000563109 0.000375319 0.00044279 0.000315198 0.0007962 0.00068417 0.000708353 0.00032443 0.000581616 0.000294042 0.000408267 
0 0 0 0 0 0 0 0 0 0 0 0 0 0 0 0 0 0 0 0 0 0 0 0 0 0 0 0 0 0 0 0 0 0 0 0 0 0 0 0 0 0 0 0 0 0 0 0 0 0 0 
0 0 0 0 0 0 0 0 0 0 0 0 0 0 0 0 0 0 0 0 0 0 0 0 0 0 0 0 0 0 0 0 0 0 0 0 0 0 0 0 0 0 0 0 0 0 0 0 0 0 0 
0 0 0 0 0 0 0 0 0 0 0 0 0 0 0 0 0 0 0 0 0 0 0 0 0 0 0 0 0 0 0 0 0 0 0 0 0 0 0 0 0 0 0 0 0 0 0 0 0 0 0 
0 0 0 0 0 0 0 0 0 0 0 0 0 0 0 0 0 0 0 0 0 0 0 0 0 0 0 0 0 0 0 0 0 0 0 0 0 0 0 0 0 0 0 0 0 0 0 0 0 0 0 
0 0 0 0 0 0 0 0 0 0 0 0 0 0 0 0 0 0 0 0 0 0 0 0 0 0 0 0 0 0 0 0 0 0 0 0 0 0 0 0 0 0 0 0 0 0 0 0 0 0 0 
0 0 0 0 0 0 0 0 0 0 0 0 0 0 0 0 0 0 0 0 0 0 0 0 0 0 0 0 0 0 0 0 0 0 0 0 0 0 0 0 0 0 0 0 0 0 0 0 0 0 0 
0 0 0 0 0 0 0 0 0 0 0 0 0 0 0 0 0 0 0 0 0 0 0 0 0 0 0 0 0 0 0 0 0 0 0 0 0 0 0 0 0 0 0 0 0 0 0 0 0 0 0 
0 0 0 0 0 0 0 0 0 0 0 0 0 0 0 0 0 0 0 0 0 0 0 0 0 0 0 0 0 0 0 0 0 0 0 0 0 0 0 0 0 0 0 0 0 0 0 0 0 0 0 
