3.14102e+10 3.2168e+10 3.75496e+10 3.5426e+10 3.44514e+10 3.75729e+10 3.09263e+10 3.45136e+10 2.29105e+10 3.71094e+10 3.26602e+10 2.76837e+10 3.03386e+10 3.41971e+10 3.43689e+10 3.20909e+10 3.57178e+10 3.4562e+10 3.69021e+10 2.06415e+10 3.30327e+10 2.74221e+10 2.97592e+10 3.59787e+10 3.76179e+10 3.23919e+10 2.90293e+10 2.63789e+10 2.04846e+10 3.42973e+10 3.31932e+10 3.33124e+10 3.13068e+10 3.25081e+10 3.3016e+10 2.93634e+10 2.97257e+10 3.50409e+10 2.56939e+10 3.0238e+10 3.57335e+10 3.50993e+10 3.23214e+10 3.45134e+10 2.21393e+10 2.64635e+10 2.56274e+10 3.56872e+10 2.95284e+10 2.72837e+10 1.70884e+10 
8.19389e+09 1.02467e+10 1.0901e+10 1.28195e+10 1.18447e+10 1.26952e+10 1.0556e+10 9.11222e+09 1.03348e+10 1.00551e+10 1.14454e+10 1.18638e+10 9.61966e+09 1.11129e+10 1.14977e+10 1.11551e+10 9.25147e+09 1.14342e+10 1.03494e+10 8.60991e+09 6.17485e+09 1.04063e+10 1.04326e+10 1.20691e+10 1.27296e+10 1.25311e+10 1.03077e+10 1.03133e+10 1.0844e+10 9.44113e+09 8.53042e+09 1.05779e+10 1.07255e+10 1.33652e+10 1.09214e+10 1.14085e+10 1.12054e+10 1.12765e+10 1.1288e+10 9.38601e+09 8.20776e+09 1.04389e+10 1.24057e+10 9.21964e+09 1.07094e+10 1.20248e+10 9.52882e+09 1.33577e+10 9.43599e+09 1.24404e+10 9.68472e+09 
5.06833e+09 4.38965e+09 4.71513e+09 4.83478e+09 4.39554e+09 5.64453e+09 4.9378e+09 4.70776e+09 4.2674e+09 5.1599e+09 3.11154e+09 4.79903e+09 4.98298e+09 5.22582e+09 4.37164e+09 4.18673e+09 5.79727e+09 3.72755e+09 5.04629e+09 3.63816e+09 4.19043e+09 4.54633e+09 5.1558e+09 5.28323e+09 4.61973e+09 4.00053e+09 4.51422e+09 4.27955e+09 5.25301e+09 3.93419e+09 4.87021e+09 3.89576e+09 4.72852e+09 3.29632e+09 5.08516e+09 3.57625e+09 4.26005e+09 3.51603e+09 4.26958e+09 4.29534e+09 3.49602e+09 4.70434e+09 4.53346e+09 4.31577e+09 4.78649e+09 4.61179e+09 4.36652e+09 3.22233e+09 5.31679e+09 4.74239e+09 5.15853e+09 
9.39666e+08 7.76633e+08 7.7016e+08 9.14502e+08 1.07541e+09 1.2318e+09 9.94673e+08 9.5913e+08 9.57123e+08 8.88649e+08 8.14285e+08 1.04575e+09 6.55164e+08 9.47179e+08 8.76211e+08 4.91747e+08 9.58929e+08 5.69706e+08 7.34044e+08 7.08101e+08 9.13455e+08 7.02349e+08 7.46956e+08 1.07007e+09 1.12364e+09 5.36712e+08 7.78955e+08 7.92873e+08 9.04741e+08 8.65973e+08 7.02852e+08 8.86395e+08 8.15887e+08 7.60372e+08 7.76884e+08 8.21933e+08 9.62092e+08 6.26775e+08 1.01581e+09 7.55203e+08 6.33374e+08 8.80005e+08 1.0068e+09 8.51152e+08 6.88904e+08 8.48126e+08 1.12114e+09 9.62212e+08 9.30354e+08 9.68566e+08 9.24551e+08 
7.65148e+06 8.00746e+06 6.50049e+06 3.53381e+06 5.95463e+06 8.13821e+06 1.14053e+07 6.38256e+06 5.8053e+06 9.4575e+06 6.37034e+06 7.17e+06 4.2992e+06 7.59317e+06 7.61631e+06 6.56921e+06 7.78212e+06 6.18852e+06 6.98375e+06 5.78938e+06 6.71106e+06 7.78183e+06 6.65288e+06 9.11055e+06 9.40877e+06 6.59801e+06 8.49235e+06 6.57086e+06 8.87293e+06 8.40094e+06 7.15867e+06 1.13523e+07 8.00014e+06 9.09354e+06 8.53855e+06 7.12018e+06 7.69838e+06 8.62585e+06 6.20565e+06 6.60413e+06 6.55495e+06 6.62907e+06 1.06817e+07 6.7071e+06 9.42483e+06 5.87002e+06 6.33416e+06 1.21413e+07 7.00068e+06 8.32799e+06 1.0128e+07 
3585.45 7983.63 6140.68 12657.5 6194.71 2523.91 7421.87 6706.46 5413.02 3107.13 4949.32 7637.75 5505.43 2786.17 9309.06 2637.77 7706.63 5245.09 6773.37 12751.7 10157.9 4590.28 10540.8 7163.05 3469.31 14976 13235.3 8310.75 4956.49 9405.59 4897.73 6014.54 7438.2 10253.5 6210.27 6344.13 7376.35 9938.28 16883.6 2004.7 11972.8 8726.88 10551.1 8979.16 14920.1 3136.38 1381.91 8683.68 1749.94 7785.22 15877.7 
0.247856 0.572091 0.310701 0.912341 0.758685 0.113705 0.340539 0.386258 0.615482 0.114533 0.319328 0.577882 0.363589 0.119692 0.25386 0.390642 0.746012 0.367594 0.222195 0.359817 0.85897 0.240546 0.195192 0.1273 0.334613 0.858778 0.189928 0.184137 0.152507 1.47418 0.24858 1.44662 0.723102 1.18513 0.313038 0.808412 0.491133 0.688351 2.76219 0.201079 0.353988 0.524875 0.224526 1.2865 1.08149 0.126518 0.0903343 0.525935 0.134594 0.302564 3.14564 
6.95871e-07 1.35125e-06 7.67072e-07 4.36325e-06 3.17466e-06 4.57434e-07 5.49686e-07 1.40841e-06 2.96055e-06 5.86812e-07 1.16833e-06 9.7245e-07 7.27693e-07 2.43904e-07 1.50969e-06 1.49449e-06 6.60613e-06 1.45888e-06 1.09828e-06 1.06531e-06 2.85154e-06 1.12842e-06 8.21174e-07 4.38784e-07 1.36723e-06 3.41091e-06 6.87854e-07 7.73733e-07 5.05109e-07 5.57115e-06 1.29125e-06 4.94433e-06 2.95797e-06 3.45339e-06 1.00524e-06 4.75401e-06 2.40662e-06 1.72811e-06 8.82135e-06 7.56647e-07 1.62955e-06 1.23677e-06 7.00329e-07 4.70432e-06 5.95926e-06 2.97295e-07 3.1378e-07 2.95376e-06 7.86675e-07 9.49468e-07 7.05125e-06 
0 0 0 0 0 0 0 0 0 0 0 0 0 0 0 0 0 0 0 0 0 0 0 0 0 0 0 0 0 0 0 0 0 0 0 0 0 0 0 0 0 0 0 0 0 0 0 0 0 0 0 
0 0 0 0 0 0 0 0 0 0 0 0 0 0 0 0 0 0 0 0 0 0 0 0 0 0 0 0 0 0 0 0 0 0 0 0 0 0 0 0 0 0 0 0 0 0 0 0 0 0 0 
0 0 0 0 0 0 0 0 0 0 0 0 0 0 0 0 0 0 0 0 0 0 0 0 0 0 0 0 0 0 0 0 0 0 0 0 0 0 0 0 0 0 0 0 0 0 0 0 0 0 0 
0 0 0 0 0 0 0 0 0 0 0 0 0 0 0 0 0 0 0 0 0 0 0 0 0 0 0 0 0 0 0 0 0 0 0 0 0 0 0 0 0 0 0 0 0 0 0 0 0 0 0 
0 0 0 0 0 0 0 0 0 0 0 0 0 0 0 0 0 0 0 0 0 0 0 0 0 0 0 0 0 0 0 0 0 0 0 0 0 0 0 0 0 0 0 0 0 0 0 0 0 0 0 
0 0 0 0 0 0 0 0 0 0 0 0 0 0 0 0 0 0 0 0 0 0 0 0 0 0 0 0 0 0 0 0 0 0 0 0 0 0 0 0 0 0 0 0 0 0 0 0 0 0 0 
