260570 562791 1.60668e+06 189232 760575 164023 436965 60916.8 284188 327144 39732.2 273907 14977.7 333052 120602 15420.4 195513 32819 103362 914817 32385.7 293412 204325 326578 212338 470690 131733 37117.1 155982 69476.9 75746 36037.6 252619 110610 121251 90299.2 356379 190491 464480 118771 140932 4491.01 219628 32910.6 44527.8 4001.32 329334 123230 1.26942e+06 326431 56382.4 
4694.41 43913.4 37404.6 26411 6903.81 42488.1 3022.57 4624.06 1043.73 4558.67 39732.2 5969.36 907.388 13733.7 1206.04 1182.37 15753.7 11554.4 3845.2 1943.18 7161.32 15797.7 3358.09 9977.36 1976 1365.19 5587.03 37117.1 743.358 1594.49 13060.4 7087.6 6659.15 9112.49 29881.1 17663.7 20873.7 12398.7 95709.4 25585.1 11688.2 4491.01 3936.02 4184.37 44022.4 4001.32 48279.8 1535.37 24203.6 15396.3 3143.87 
1639.38 5750.06 2000.43 2708.45 1081.85 982.49 1140.81 3765.9 1043.73 2850.64 6491.77 1022.29 907.388 1632.32 1206.04 1182.37 724.721 1624.05 2295.97 1822.24 1274.3 2823.27 1376.83 6898.11 1361.49 1365.19 3169.68 26663.7 743.358 1594.49 2247 4801.32 816.464 2438.88 1584.48 701.705 4793.66 4397.54 3651.26 3643.41 2944.9 2957.12 3285.95 898.728 8211.74 2282.94 4521.18 1535.37 1031.76 3249.81 2741.35 
585.083 1028.19 846.265 681.501 415.974 423.083 588.691 504.498 635.432 532.9 970.088 596.337 396.4 940.665 572.57 465.21 497.666 689.62 530.155 786.275 576.086 545.931 615.573 539.265 628.467 666.413 411.21 649.285 490.659 853.154 674.359 525.901 554.489 575.4 539.378 701.705 872.143 790.265 481.61 624.434 620.085 598.79 1576.64 486.168 672.648 632.242 683.951 401.236 433.737 470.887 568.554 
231.824 249.669 256.924 237.515 239.322 253.946 230.536 235.293 232.724 226.244 237.833 233.649 235.232 236.309 227.677 232.92 258.42 236.845 239.006 228.01 242.494 235.718 233.172 232.817 247.803 245.37 236.437 233.102 239.051 235.278 235.829 232.313 241.319 229.768 228.308 237.838 239.357 239.54 240.624 235.489 229.517 232.568 236.313 228.237 275.863 228.666 244.839 227.95 227.894 227.533 240.674 
222.742 223.142 222.177 222.806 222.044 222.819 222.193 223.208 222.216 222.22 223.142 224.118 222.163 222.643 223.577 223.638 222.972 223.081 222.183 223.039 222.089 223.231 223.208 222.075 222.117 222.123 222.263 222.208 222.112 223.565 222.162 223.143 222.251 222.171 222.145 223.105 222.969 222.478 223.049 222.149 222.25 222.109 222.047 222.117 222.259 222.116 222.975 223.585 222.091 223.599 222.154 
222.156 222.93 221.954 221.966 221.912 222.018 221.895 222.866 221.901 221.906 222.875 223.911 222.014 221.836 223.403 223.477 221.912 222.909 221.942 222.856 221.917 222.894 222.946 221.909 221.892 221.961 221.935 221.91 221.947 223.387 221.938 222.892 221.866 221.951 221.903 222.953 222.868 222.112 222.814 221.859 221.884 221.896 221.902 221.93 221.966 221.931 222.857 223.387 221.884 223.374 221.869 
221.885 222.759 221.795 221.836 221.799 221.889 221.797 222.745 221.821 221.788 222.797 223.83 221.887 221.606 223.346 223.36 221.687 222.808 221.894 222.779 221.862 222.781 222.773 221.801 221.826 221.817 221.835 221.809 221.827 223.34 221.783 222.754 221.726 221.829 221.796 222.815 222.734 221.919 222.761 221.78 221.849 221.799 221.811 221.8 221.885 221.813 222.744 223.346 221.824 223.359 221.811 
221.809 222.71 221.761 221.785 221.76 221.785 221.765 222.713 221.781 221.761 222.726 223.743 221.812 221.556 223.286 223.315 221.554 222.742 221.821 222.714 221.788 222.718 222.712 221.762 221.768 221.763 221.765 221.706 221.772 223.285 221.762 222.714 221.624 221.783 221.762 222.748 222.71 221.817 222.722 221.761 221.779 221.761 221.763 221.785 221.809 221.759 222.71 223.285 221.769 223.307 221.773 
221.761 222.709 221.761 221.761 221.757 221.766 221.761 222.71 221.762 221.761 222.71 223.707 221.779 221.541 223.243 223.313 221.541 222.71 221.778 222.71 221.761 222.71 222.71 221.761 221.757 221.761 221.761 221.544 221.761 223.257 221.761 222.709 221.543 221.768 221.761 222.71 222.709 221.776 222.71 221.761 221.757 221.761 221.761 221.77 221.762 221.757 222.709 223.27 221.757 223.263 221.761 
221.761 222.709 221.761 221.761 221.757 221.765 221.761 222.71 221.759 221.761 222.71 223.707 221.778 221.541 223.241 223.313 221.541 222.709 221.759 222.71 221.761 222.71 222.71 221.761 221.757 221.761 221.761 221.541 221.761 223.244 221.761 222.709 221.541 221.764 221.761 222.71 222.709 221.776 222.709 221.761 221.757 221.761 221.761 221.768 221.757 221.757 222.709 223.247 221.757 223.251 221.761 
221.761 222.709 221.761 221.761 221.757 221.765 221.761 222.71 221.759 221.761 222.71 223.707 221.778 221.541 223.241 223.313 221.541 222.709 221.759 222.71 221.761 222.71 222.71 221.761 221.757 221.761 221.761 221.541 221.761 223.243 221.761 222.709 221.541 221.759 221.761 222.71 222.709 221.776 222.709 221.761 221.757 221.761 221.761 221.768 221.757 221.757 222.709 223.241 221.757 223.251 221.761 
221.761 222.709 221.761 221.761 221.757 221.765 221.761 222.71 221.759 221.761 222.71 223.707 221.778 221.541 223.241 223.313 221.541 222.709 221.759 222.71 221.761 222.71 222.71 221.761 221.757 221.761 221.761 221.541 221.761 223.243 221.761 222.709 221.541 221.759 221.761 222.71 222.709 221.776 222.709 221.761 221.757 221.761 221.761 221.768 221.757 221.757 222.709 223.241 221.757 223.251 221.761 
221.761 222.709 221.761 221.761 221.757 221.765 221.761 222.71 221.759 221.761 222.71 223.707 221.778 221.541 223.241 223.313 221.541 222.709 221.759 222.71 221.761 222.71 222.71 221.761 221.757 221.761 221.761 221.541 221.761 223.243 221.761 222.709 221.541 221.759 221.761 222.71 222.709 221.776 222.709 221.761 221.757 221.761 221.761 221.768 221.757 221.757 222.709 223.241 221.757 223.251 221.761 
