5.98354 5.74158 5.52377 5.52937 6.44496 6.1181 5.79629 5.91186 5.4021 6.33149 6.00541 5.83269 6.07966 6.11336 6.01701 5.89449 6.40753 6.07282 6.30511 6.069 6.12704 5.95336 5.94692 5.825 6.18679 5.83547 5.58113 5.26965 6.11295 6.07255 6.13855 6.3362 5.50657 6.01395 6.4734 5.68994 6.3636 6.1149 6.32513 5.8371 6.05563 5.91064 6.13232 5.80942 5.76954 6.07684 5.76593 5.91627 6.3356 6.1022 6.21819 
3.93202 3.10255 3.48705 3.72692 3.96083 3.67524 3.58285 3.49429 3.60434 3.46907 3.82723 3.48096 3.70086 3.82666 3.614 3.50985 3.37893 3.46592 3.43993 3.59151 3.50477 3.78781 3.52681 3.735 3.49537 3.62732 3.7627 3.88815 3.58816 3.9367 3.87094 3.80051 3.54435 3.47192 3.47502 3.61148 3.81137 3.77182 3.66263 3.378 3.66255 3.90947 3.66601 3.08498 3.74893 3.55176 3.46663 3.6448 3.52863 3.42251 3.60818 
2.27878 1.64624 1.08024 1.94715 1.62916 1.46571 1.36175 1.40765 1.5299 2.11438 1.89788 1.88863 1.4502 1.49942 1.53853 1.78096 1.68946 1.80345 1.70287 1.57665 1.50444 1.80485 1.49681 1.57896 2.26854 1.96344 2.18678 1.99994 1.766 1.71262 1.74164 2.06939 1.77043 1.85233 1.34947 1.47939 2.31402 2.02234 1.96073 1.5014 1.86809 2.32292 2.2559 1.62658 1.77734 1.57343 1.4425 1.40663 1.75091 1.47891 1.9418 
0.702165 0.464798 0.629605 0.572073 0.637511 0.843179 0.686967 0.674736 0.741094 0.70003 0.64751 0.747739 0.685137 0.604946 0.584204 0.743374 0.736783 0.602349 0.594622 0.64205 0.760686 0.701773 0.691902 0.677386 0.553852 0.667834 0.658647 0.72939 0.716236 0.686089 0.699012 0.659532 0.694723 0.561329 0.593022 0.737898 0.792781 0.711697 0.709062 0.737849 0.622616 0.649633 0.725025 0.703908 0.738925 0.753386 0.781249 0.790883 0.762324 0.695848 0.738129 
0.424252 0.464798 0.520597 0.533738 0.505084 0.695208 0.532201 0.568394 0.622136 0.473814 0.558317 0.655531 0.608207 0.436994 0.539866 0.531534 0.655949 0.602349 0.594622 0.517565 0.599767 0.546427 0.514699 0.508143 0.466912 0.512869 0.604751 0.54068 0.663323 0.477326 0.50647 0.531748 0.430446 0.459233 0.530361 0.478893 0.543929 0.678203 0.544278 0.548699 0.466361 0.62138 0.440517 0.492348 0.578229 0.476658 0.620457 0.599597 0.570393 0.497387 0.581831 
0.406949 0.425249 0.403737 0.470396 0.505084 0.496646 0.489308 0.466046 0.492683 0.473814 0.499906 0.357599 0.448154 0.436994 0.356192 0.501759 0.475765 0.425506 0.466271 0.405197 0.453667 0.511677 0.405165 0.469302 0.401125 0.484429 0.482312 0.374478 0.555437 0.417002 0.456081 0.417273 0.430446 0.441746 0.447878 0.478893 0.52203 0.494175 0.502153 0.470629 0.437296 0.455649 0.440517 0.492348 0.389953 0.413557 0.41743 0.461791 0.402269 0.489982 0.477966 
0.33838 0.425249 0.365033 0.396129 0.459559 0.40461 0.483935 0.389546 0.454379 0.471027 0.479985 0.357599 0.335625 0.436994 0.356192 0.437004 0.475765 0.372112 0.435936 0.405197 0.371974 0.395396 0.405165 0.437079 0.366032 0.469188 0.442581 0.374478 0.454923 0.417002 0.433568 0.367692 0.430446 0.378433 0.348795 0.419634 0.36989 0.426086 0.409309 0.348813 0.435535 0.455649 0.394807 0.440105 0.335253 0.395095 0.375351 0.447464 0.402269 0.379511 0.452865 
0.33838 0.394616 0.365033 0.396129 0.384024 0.402477 0.472804 0.389546 0.308364 0.363614 0.297344 0.357599 0.335625 0.396238 0.356192 0.356884 0.43171 0.359183 0.409069 0.405197 0.369085 0.390212 0.405165 0.416188 0.352758 0.380657 0.363007 0.340421 0.454923 0.200503 0.376197 0.367692 0.369723 0.341412 0.234109 0.364393 0.348232 0.338264 0.409309 0.348813 0.396787 0.346943 0.367841 0.35852 0.335253 0.395095 0.339202 0.428856 0.402269 0.278094 0.326594 
0.33838 0.335674 0.328854 0.301267 0.323107 0.402477 0.353639 0.37548 0.308364 0.320384 0.297344 0.357599 0.335625 0.375295 0.33935 0.306449 0.275256 0.268816 0.365981 0.360892 0.249075 0.290106 0.358765 0.3102 0.273995 0.306692 0.363007 0.340421 0.380218 0.200503 0.305821 0.332143 0.323371 0.251867 0.234109 0.340722 0.348232 0.335619 0.283306 0.348813 0.349414 0.288836 0.366319 0.35852 0.335253 0.313688 0.338366 0.392255 0.30248 0.278094 0.293704 
0.193277 0.210799 0.293362 0.301267 0.236062 0.258241 0.280326 0.248809 0.308364 0.320384 0.267369 0.286156 0.335625 0.271394 0.286696 0.289986 0.275256 0.268816 0.334168 0.275702 0.241994 0.228272 0.322875 0.243892 0.261163 0.232521 0.246524 0.312337 0.308529 0.200503 0.270346 0.235045 0.256373 0.20922 0.234109 0.253183 0.286323 0.335619 0.283306 0.281975 0.274528 0.219213 0.266261 0.253101 0.285896 0.307022 0.338366 0.334308 0.289036 0.240042 0.293704 
0.193277 0.129545 0.213272 0.203478 0.236062 0.258241 0.219835 0.227597 0.265673 0.237375 0.215216 0.286156 0.203763 0.209772 0.286696 0.257752 0.271292 0.231512 0.221408 0.256591 0.219253 0.190773 0.187518 0.195255 0.223102 0.219149 0.246524 0.2758 0.259827 0.200503 0.211034 0.222407 0.215668 0.208726 0.227262 0.202411 0.191997 0.270219 0.280625 0.18357 0.217709 0.214599 0.195582 0.251547 0.250917 0.216643 0.242228 0.238234 0.271028 0.209485 0.281246 
0.193277 0.129545 0.213272 0.176854 0.226916 0.246315 0.20945 0.227597 0.162036 0.180286 0.215216 0.229896 0.200488 0.19959 0.208012 0.212598 0.218546 0.231512 0.206337 0.244899 0.219253 0.190773 0.187518 0.163909 0.19013 0.186926 0.246524 0.20981 0.22887 0.192176 0.180605 0.222407 0.215668 0.169154 0.21346 0.202411 0.164394 0.234433 0.254384 0.18357 0.216489 0.163896 0.18861 0.219848 0.197026 0.180621 0.218446 0.209906 0.271028 0.175472 0.253579 
0.184078 0.129545 0.201761 0.176854 0.134355 0.224588 0.20945 0.179684 0.162036 0.167916 0.196211 0.172088 0.200488 0.19959 0.153248 0.212598 0.204084 0.231512 0.205288 0.207504 0.210489 0.184913 0.185392 0.163909 0.180342 0.186926 0.217085 0.201692 0.195084 0.189387 0.180605 0.213892 0.199894 0.145634 0.21346 0.1886 0.164394 0.234433 0.178782 0.167223 0.180703 0.163896 0.171782 0.189726 0.197026 0.180621 0.178907 0.209906 0.18505 0.165 0.253579 
0.145061 0.114479 0.122497 0.12939 0.0766652 0.134979 0.148334 0.144548 0.123864 0.108559 0.154072 0.118806 0.144709 0.136175 0.105407 0.169491 0.161565 0.196388 0.138012 0.188904 0.157823 0.125961 0.155374 0.130122 0.102807 0.147508 0.204969 0.144651 0.153716 0.128974 0.159289 0.201505 0.123933 0.0954151 0.125789 0.155163 0.106383 0.201452 0.143917 0.167223 0.142924 0.0972069 0.140077 0.118554 0.145476 0.144222 0.132564 0.154292 0.175258 0.135642 0.156704 
