5.36204 5.49562 5.23889 4.53769 5.48704 5.39442 5.33194 5.68639 5.2346 5.17962 5.1555 5.19138 5.39537 5.18271 4.96435 5.23291 4.42991 4.91606 5.22317 5.2445 5.28388 5.43291 4.72251 5.0421 5.5375 5.18557 5.02629 5.11984 5.00047 5.26942 4.78571 5.33139 4.77957 4.5059 4.89544 4.63607 5.67267 5.20182 5.19841 4.35082 5.46121 5.08568 5.06537 5.4258 4.93441 4.9189 4.65833 4.88618 4.72008 5.1829 5.29097 
4.05904 4.65113 4.67561 4.53769 4.65643 5.21065 5.02427 5.18831 5.00947 4.84385 4.88085 4.92958 5.07449 5.17406 4.96435 4.81827 4.42991 4.91606 5.22317 5.2445 5.28388 4.95405 4.72251 4.60478 4.96558 5.18557 5.02629 5.11984 4.92589 5.21794 4.78571 4.83559 4.77957 4.5059 4.89544 4.63607 5.2575 5.165 5.19841 4.35082 4.87349 5.08568 4.50309 4.53707 4.93441 4.9189 4.65833 4.88618 4.29279 4.69798 5.12664 
4.05904 4.50706 4.67561 4.53769 4.65643 4.54876 4.7512 4.62408 5.00947 4.84385 4.88085 4.92958 5.07449 5.17406 4.96435 4.81827 4.42991 4.91606 4.91792 5.2445 5.21998 4.95405 4.72251 4.60478 4.96558 4.34982 5.02629 5.11984 4.92589 5.18653 4.78571 4.68234 4.42956 4.5059 4.89544 4.63607 4.90403 5.165 5.19841 4.35082 4.85548 5.08568 4.50309 4.53707 4.62664 4.9189 4.65833 4.88618 4.29279 4.69798 5.12664 
4.05904 3.93668 4.67561 4.53769 4.65643 4.30694 4.7512 4.62408 4.90358 4.84385 3.90016 4.92958 4.42378 4.97022 4.96435 4.07676 4.42991 4.63395 4.91792 4.82199 4.96401 4.70147 4.10475 4.60478 4.52762 4.34982 5.02629 4.811 4.26931 4.94395 4.6051 4.68234 4.42956 4.5059 4.71832 4.63607 4.75946 4.97695 4.35671 4.35082 4.85548 5.08568 4.50309 4.53707 4.62664 4.9189 4.6386 4.38553 4.29279 4.69798 5.05378 
4.05904 3.54895 4.45811 3.87531 4.65643 4.30694 4.06798 4.28709 4.78326 4.55812 3.90016 4.53307 4.37349 4.77244 4.96435 4.07676 4.42991 4.63395 4.48276 4.39734 4.96401 4.6635 4.10475 4.60478 4.52762 4.34982 3.92153 4.811 4.20177 4.7163 4.6051 4.51496 4.41753 4.5059 4.69805 4.63607 4.26341 4.49424 4.35671 4.35082 4.52385 5.03793 4.50309 4.53707 4.01425 4.9189 4.6386 4.38553 4.29279 4.69798 4.40288 
4.05904 3.54895 4.45811 3.87531 4.65643 4.22529 4.06798 4.229 4.70664 4.55812 3.90016 4.50911 4.37349 4.75723 4.91538 3.86068 4.42991 4.63395 4.48276 4.39734 4.42918 4.19706 4.10475 4.55997 4.52762 4.34982 3.92153 4.20442 4.20177 3.72365 4.48598 4.14999 4.41753 4.5059 4.57777 4.43076 4.26341 4.06606 4.35671 4.35082 4.52385 4.22667 4.10129 4.50763 4.01425 4.62398 4.6386 4.38553 4.15304 4.69798 4.40288 
4.05904 3.54895 4.45811 3.87531 4.56445 3.87085 4.06798 4.229 4.11075 4.55812 3.90016 4.50911 4.24672 4.35279 4.77373 3.86068 4.22675 4.37323 4.48276 4.39734 4.42918 4.19706 4.10475 4.55997 4.30344 4.34982 3.92153 4.19039 4.20177 3.72365 4.15728 4.14999 4.41753 4.5059 4.35048 4.43076 4.26341 3.89577 4.25317 4.35082 4.39741 4.22667 4.10129 4.22314 4.01425 4.62398 4.49686 4.38553 4.15304 4.32975 4.22667 
4.05904 3.54895 4.42157 3.87531 4.56445 3.87085 3.89805 4.229 4.11075 4.55812 3.90016 4.50911 4.22839 4.35279 4.51922 3.86068 3.84928 4.34026 4.48276 4.39734 3.98904 4.19706 4.0303 4.55997 4.30344 4.25401 3.10115 4.19039 4.20177 3.72365 4.15728 4.14999 4.41753 4.25379 4.26024 4.2303 4.26341 3.89577 4.25317 4.35082 4.39741 4.22667 4.10129 4.22314 4.01425 4.62398 3.98038 4.19458 4.15304 4.32975 4.22667 
4.05904 3.54895 4.42157 3.87531 3.9866 3.87085 3.89805 4.05291 4.11075 4.55812 3.90016 4.50911 4.22839 4.35279 4.29898 3.86068 3.84928 4.34026 4.48276 4.39734 3.98904 3.87499 4.00034 4.11319 3.89058 4.15127 3.10115 4.19039 4.20177 3.72365 4.15728 4.14999 4.3314 4.13291 4.26024 4.2303 4.26341 3.89577 4.25317 4.35082 4.39741 4.22667 4.10129 4.22314 4.01425 4.62398 3.98038 4.11668 4.15304 4.27689 4.20603 
3.35075 3.25164 3.95043 3.87531 3.9866 3.87085 3.75131 3.81514 3.83632 4.55812 3.90016 3.84412 3.74111 4.25478 3.90078 3.71177 3.84928 4.03715 3.84796 3.94276 3.41428 3.67697 3.90248 4.11319 3.64865 3.92903 3.10115 3.56363 3.77854 3.72365 3.85336 4.14999 4.3314 4.13291 3.76011 4.13502 3.6961 3.39142 4.12237 4.17906 4.07969 4.22667 4.10129 4.14304 3.96104 3.81567 3.85841 4.11668 3.86177 4.11796 3.77136 
3.35075 3.25164 3.57229 3.66331 3.69744 3.05076 3.75131 3.46896 2.78865 3.86451 3.90016 3.68339 2.35219 4.25478 3.90078 3.23081 3.84928 3.61648 3.78634 3.2095 3.01588 3.00872 3.51907 3.87547 3.27309 3.47069 3.10115 2.72339 3.76456 3.41062 3.57475 3.99465 4.19529 3.74932 3.46737 2.21092 3.21396 3.37284 3.32122 3.97701 3.74117 2.44849 4.10129 2.79124 3.26082 3.67035 2.89617 3.77276 3.80446 3.69077 3.10376 
2.66958 3.14452 3.40508 1.91753 3.01669 1.64707 3.31754 1.53783 1.53333 3.51253 2.03027 3.37571 1.44919 3.33242 3.04116 3.20266 2.32892 3.56881 3.31803 2.22383 1.39246 1.65781 3.12297 2.53771 3.23929 1.94354 2.64404 1.57872 3.63392 2.77868 1.52826 3.76789 3.73546 1.74449 2.55051 1.54673 2.9997 2.01715 1.73108 3.7062 1.54945 1.64023 3.38359 1.37994 3.08416 2.17159 1.70871 3.26721 2.05858 3.30322 3.08148 
1.19473 1.29422 1.5919 1.26251 1.23278 1.12484 1.30206 1.11459 1.15619 1.26151 1.34086 1.44004 1.16906 1.44034 1.55507 1.41764 1.39762 3.18583 3.18693 1.33901 1.03714 1.26542 3.12297 1.24816 3.23929 1.03896 1.08559 1.19873 1.6671 1.33865 1.22382 2.7212 3.32803 1.12895 1.46859 1.09577 1.43247 1.41002 1.35873 3.56876 1.1019 1.25056 2.23052 1.21126 1.48705 1.39611 1.14546 2.34293 1.32193 1.6257 2.92294 
0.458027 0.255259 0.420254 0.200449 0.302468 0.287612 0.40059 0.41529 0.293998 0.379864 0.406728 0.318227 0.476465 0.426282 0.447451 0.386423 0.315841 0.358597 0.831893 0.26151 0.256717 0.306983 0.601459 0.332686 0.893589 0.359409 0.439353 0.404761 0.414232 0.529324 0.375769 0.449156 0.400272 0.308602 0.293124 0.39471 0.385524 0.429033 0.348031 0.490306 0.276581 0.416714 0.328839 0.337147 0.427874 0.36165 0.436802 0.380142 0.433999 0.373389 0.346826 
