19403.1 103077 18535.5 23478.2 1932.9 20352.3 14838.4 78206.3 58344.4 23141.1 451.761 33243.6 16470.6 19232.4 107322 12159.6 4931.01 40965 32854.1 8550.23 162062 100348 125701 25498.2 63085.8 10024.1 40745.8 15568.4 22493.9 13598.2 25692.3 17886 9495.53 73410.2 10316.5 7184.51 49232.1 9129.03 8799.79 9872.44 18580.2 237989 13085.2 100827 47680 37139.3 27897.7 21599.7 30596.4 6751.86 263608 
2427.15 11115.1 1492.15 4366.65 1932.9 2605.18 4927.98 3747 2693.42 2238.38 451.761 8052.08 3520.83 1103.05 2841.17 7817.29 4176.02 2959.68 904.321 3513.8 1292.56 1015.8 940.788 2585.38 1663.43 10024.1 2190.6 1549.7 13876.1 3049.57 1036.74 4528.54 5424.73 4485.69 2052.34 7184.51 8888.64 8335.3 3716.59 1227.92 4498.23 6539.78 8404.26 1160.89 4194.55 13090.4 2345.39 405.749 809.522 5990.69 6191.03 
476.589 2175.93 264.74 1185.63 841.313 285.34 183.852 239.423 113.333 261.611 353.294 694.879 1206.53 555.265 641.427 551.226 688.282 864.41 242.252 566.721 664.899 347.897 230.538 478.173 167.42 643.968 664.174 441.654 213.691 344.307 167.902 234.594 378.508 652.433 180.691 390.151 1143.51 248.334 596.602 497.742 141.63 363.003 2964.17 111.313 253.302 286.96 230.809 243.403 801.58 301.208 673.247 
93.2771 50.2324 52.4002 55.4112 30.2956 37.3292 59.8639 72.8524 45.2999 64.5034 42.8453 46.9119 98.6278 58.8875 106.181 69.1332 66.9473 57.152 48.2888 46.111 59.7443 55.1763 73.136 51.9641 79.1707 50.6165 67.7176 72.1057 54.1101 50.5446 66.2656 59.9255 33.0054 57.1025 73.4121 62.9456 50.7479 49.7258 61.5143 29.0132 60.7294 87.996 52.873 66.2545 56.091 75.9655 44.7605 60.7565 64.8883 47.4283 63.5349 
10.0255 6.65789 7.66419 8.13027 9.98888 7.61855 7.53775 10.3013 7.5699 9.55478 8.2459 9.21409 8.04539 8.78165 7.8052 7.52858 7.15482 11.427 5.10008 9.07148 6.09286 6.31876 7.13766 7.85397 10.4715 9.25187 10.3861 8.45667 10.6216 6.00332 9.65961 8.68888 8.19728 9.46373 8.8862 10.1092 9.0223 10.0813 7.82112 8.64601 7.9068 8.39796 7.87818 6.74382 9.19392 6.28497 6.51912 8.25663 10.4555 7.22755 9.43577 
4.03313 3.40022 3.98868 3.44688 2.61255 2.83054 3.16489 3.45717 3.19102 2.4107 1.75652 4.30958 3.06256 3.85635 2.10441 4.74842 3.02938 2.86185 2.84575 2.4785 3.73182 2.70243 3.49695 3.85043 3.0637 3.35097 2.96933 3.17007 4.66337 2.57931 4.51075 4.50109 3.27339 3.8905 2.50202 3.7957 3.30811 4.16565 3.90454 2.12608 4.69114 3.30506 2.58004 3.01663 4.43184 3.23036 4.48025 3.41209 3.35445 1.84972 3.88821 
1.50113 1.54377 1.24271 1.7934 1.64486 1.72121 1.34764 1.96156 2.0854 1.58328 1.5136 1.62827 1.61838 1.69356 1.64402 1.80105 1.7463 1.9205 2.47747 1.55587 1.78256 1.26864 0.982094 1.26528 1.78897 1.59555 1.69225 1.71084 1.74007 2.11848 1.91218 1.78571 1.59346 2.21395 1.33365 1.46147 1.75551 2.22921 2.1343 1.57886 1.5463 1.75272 1.41463 1.17642 1.57437 1.57491 1.25551 1.65076 1.92977 1.24392 1.77465 
0.821432 1.145 0.870427 1.00236 1.07438 1.35536 1.14417 1.11819 1.45064 1.03131 1.03614 1.16228 0.837767 1.22732 0.80937 1.35803 1.02991 1.1986 1.36361 0.763667 1.13383 0.729728 0.935596 1.01029 0.951569 1.32419 0.958135 0.926874 1.10805 1.47981 1.60172 0.938995 1.26881 1.02676 1.24082 0.986358 1.19473 1.14713 1.13573 1.38724 1.19821 1.03148 0.841238 1.04788 0.99274 1.15894 1.13855 0.725403 1.1243 1.08658 1.19408 
0.684849 1.08632 0.747735 0.869689 0.802427 0.824287 0.833902 0.913397 1.09313 0.918755 0.635463 0.90682 0.751225 0.90333 0.549302 0.878413 0.278752 0.884904 0.999804 0.445167 0.903846 0.650867 0.581486 0.784942 0.803726 0.798919 0.808206 0.650476 1.01552 0.947533 0.768143 0.938995 0.757434 0.801537 0.765765 0.898451 0.778045 1.00471 1.02898 0.963146 0.837579 0.552492 0.679855 0.742036 0.642325 0.733728 0.773866 0.328117 0.891761 0.853737 0.646973 
0.363962 0.418033 0.670079 0.697359 0.733566 0.726181 0.637695 0.537738 0.626256 0.683516 0.432857 0.536232 0.654684 0.797069 0.496088 0.709601 0.124187 0.677881 0.812087 0.288691 0.648401 0.50891 0.305238 0.663858 0.662337 0.656371 0.47969 0.604115 0.725264 0.702812 0.647492 0.781532 0.515329 0.356208 0.666515 0.788691 0.417127 0.727327 0.776469 0.728248 0.696218 0.28224 0.492641 0.582634 0.589934 0.57426 0.770909 0.220588 0.379092 0.614267 0.328731 
0.202944 0.168973 0.543449 0.586353 0.591072 0.673766 0.487973 0.399683 0.240573 0.649673 0.298759 0.24621 0.573933 0.535964 0.493613 0.657561 0.0145366 0.548235 0.656524 0.167043 0.593195 0.484202 0.134441 0.605724 0.591555 0.554454 0.293374 0.524165 0.643111 0.584381 0.508925 0.645674 0.225153 0.342223 0.602435 0.628504 0.368501 0.635559 0.572726 0.44281 0.623976 0.119677 0.309272 0.450271 0.358667 0.494277 0.63223 0.219513 0.263473 0.555042 0.159735 
0.20291 0.0775792 0.52898 0.528206 0.574869 0.59039 0.193188 0.185133 0.155669 0.533492 0.245194 0.222747 0.570876 0.250781 0.493612 0.581914 0.0128277 0.462378 0.580651 0.111333 0.588633 0.484174 0.114881 0.487526 0.539834 0.497457 0.172557 0.498275 0.525301 0.522473 0.232151 0.602069 0.115241 0.341246 0.581378 0.247195 0.368495 0.546213 0.563253 0.198254 0.621083 0.0222371 0.112984 0.407042 0.292532 0.4908 0.138424 0.219513 0.172379 0.503621 0.0420418 
0.20291 0.00776525 0.528977 0.527636 0.574868 0.578527 0.139835 0.0494067 0.147736 0.528519 0.140706 0.222745 0.570876 0.0353041 0.493612 0.502121 0.0128276 0.462318 0.580408 0.111145 0.58863 0.484174 0.102688 0.374151 0.437758 0.49571 0.0672909 0.498263 0.522019 0.522333 0.162752 0.601983 0.0321322 0.341245 0.581375 0.117515 0.368495 0.467734 0.52964 0.114595 0.621083 0.0200476 0.0917797 0.406422 0.29253 0.4908 0.0646993 0.219513 0.107375 0.351521 0.0297133 
0.20291 0.00776519 0.528977 0.527636 0.574868 0.577287 0.139835 0.0483594 0.147736 0.528519 0.140705 0.222745 0.570876 0.0352213 0.493612 0.502119 0.0128276 0.462318 0.580408 0.111145 0.58863 0.484174 0.102688 0.374148 0.437734 0.49571 0.0672834 0.498263 0.522019 0.522333 0.162752 0.601983 0.0319238 0.341245 0.581375 0.117299 0.368495 0.467416 0.529428 0.11371 0.621083 0.0200476 0.0917797 0.406422 0.29253 0.4908 0.064699 0.219513 0.107375 0.351268 0.0297133 
