752.362 848.913 881.747 831.724 726.922 731.735 801.549 856.034 851.183 926.863 772.125 766.412 901.284 602.125 901.557 718.74 768.28 837.498 669.379 793.813 831.444 861.73 828.166 670.681 667.587 865.547 826.149 727.388 774.528 770.193 882.977 865.528 790.847 638.41 863.31 844.607 761.809 844.37 801.501 721.728 817.061 841.954 761.976 857.263 951.381 841.572 756.381 840.511 887.665 842.228 786.242 
361.916 250.427 281.956 296.958 342.253 326.996 262.505 313.226 351.721 387.078 289.201 363.08 335.892 269.766 358.005 291.854 329.629 361.279 338.51 384.543 249.661 314.904 318.077 248.583 296.707 327.408 394.944 313.088 308.071 336.767 302.639 308.303 337.017 305.958 248.853 300.738 337.591 354.633 309.428 299.044 284.202 275.946 306.715 327.699 323.311 269.441 315.41 326.91 322.99 358.106 288.344 
118.056 143.686 125.597 135.591 125.029 164.8 151.904 141.421 140.795 172.547 147.294 161.792 143.662 137.13 155.498 155.286 155.238 155.402 149.12 163.051 147.556 137.63 149.571 114.118 128.041 138.272 145.271 113.965 142.581 137.73 132.116 139.628 130.727 155.76 162.02 147.477 138.121 147.283 137.393 125.269 160.29 163.716 128.033 146.031 120.35 128.37 159.131 145.789 161.029 133.483 153.857 
27.5416 29.0559 32.4394 29.4399 28.3785 36.5437 32.7729 32.4147 31.7042 30.3631 34.831 35.485 29.338 27.3222 31.9644 32.4416 27.5336 34.1284 33.7479 31.7308 33.627 29.2025 25.2371 27.9425 34.9613 36.7689 33.0343 31.8834 29.4131 38.3174 32.8865 35.1767 32.2063 25.0727 33.8298 31.2479 31.2152 31.117 28.7335 29.2182 33.3232 29.3925 30.7961 32.8688 34.1787 30.3553 30.9752 31.2165 30.0188 28.329 34.1262 
1.18562 1.29076 1.18201 1.332 1.3348 1.35663 1.35095 1.36749 1.33983 1.28767 1.36426 1.31837 1.27812 1.2392 1.31125 1.34169 1.31197 1.31138 1.36365 1.29068 1.31107 1.31252 1.27145 1.22654 1.27539 1.26076 1.32129 1.30935 1.35877 1.3469 1.24973 1.23963 1.31662 1.31151 1.29324 1.33483 1.27284 1.36667 1.28378 1.30184 1.29127 1.33179 1.34833 1.27554 1.40577 1.36889 1.30955 1.20199 1.27391 1.33188 1.40803 
0.00205836 0.00204594 0.00137894 0.0016515 0.00213502 0.00243842 0.00301366 0.00270619 0.00285937 0.00303418 0.00214597 0.0020555 0.00271477 0.00161066 0.00311892 0.00251854 0.00218153 0.00232645 0.00240053 0.00239222 0.00190086 0.00278499 0.00192275 0.00171626 0.00212637 0.00209136 0.00249874 0.00224078 0.00182085 0.0020218 0.00207804 0.00223543 0.00225001 0.00230576 0.00230084 0.00258399 0.00150496 0.00307868 0.00231055 0.00211919 0.00269258 0.00203171 0.00253065 0.00183894 0.00380436 0.00214235 0.00192703 0.00193894 0.00184863 0.00200972 0.0023405 
5.08495e-08 6.49054e-08 3.18524e-08 5.17651e-08 6.12229e-08 6.45989e-08 7.11503e-08 6.70765e-08 6.92179e-08 4.4906e-08 4.21678e-08 6.03919e-08 7.78741e-08 3.10762e-08 1.25488e-07 8.87155e-08 3.29786e-08 4.06676e-08 5.61632e-08 5.57746e-08 6.16527e-08 8.64646e-08 5.24707e-08 3.04774e-08 4.55922e-08 4.82512e-08 5.72746e-08 5.18507e-08 3.70029e-08 5.34847e-08 5.80659e-08 4.88515e-08 5.15588e-08 6.2537e-08 7.11004e-08 5.74297e-08 4.32441e-08 9.40523e-08 4.52109e-08 4.33791e-08 5.64235e-08 3.60429e-08 2.27974e-08 2.61191e-08 9.24562e-08 5.06094e-08 3.51048e-08 3.88279e-08 5.05449e-08 6.28647e-08 4.01296e-08 
0 0 0 0 0 0 0 0 0 0 0 0 0 0 0 0 0 0 0 0 0 0 0 0 0 0 0 0 0 0 0 0 0 0 0 0 0 0 0 0 0 0 0 0 0 0 0 0 0 0 0 
0 0 0 0 0 0 0 0 0 0 0 0 0 0 0 0 0 0 0 0 0 0 0 0 0 0 0 0 0 0 0 0 0 0 0 0 0 0 0 0 0 0 0 0 0 0 0 0 0 0 0 
0 0 0 0 0 0 0 0 0 0 0 0 0 0 0 0 0 0 0 0 0 0 0 0 0 0 0 0 0 0 0 0 0 0 0 0 0 0 0 0 0 0 0 0 0 0 0 0 0 0 0 
0 0 0 0 0 0 0 0 0 0 0 0 0 0 0 0 0 0 0 0 0 0 0 0 0 0 0 0 0 0 0 0 0 0 0 0 0 0 0 0 0 0 0 0 0 0 0 0 0 0 0 
0 0 0 0 0 0 0 0 0 0 0 0 0 0 0 0 0 0 0 0 0 0 0 0 0 0 0 0 0 0 0 0 0 0 0 0 0 0 0 0 0 0 0 0 0 0 0 0 0 0 0 
0 0 0 0 0 0 0 0 0 0 0 0 0 0 0 0 0 0 0 0 0 0 0 0 0 0 0 0 0 0 0 0 0 0 0 0 0 0 0 0 0 0 0 0 0 0 0 0 0 0 0 
0 0 0 0 0 0 0 0 0 0 0 0 0 0 0 0 0 0 0 0 0 0 0 0 0 0 0 0 0 0 0 0 0 0 0 0 0 0 0 0 0 0 0 0 0 0 0 0 0 0 0 
