1.47061e+08 1.34853e+08 1.64257e+08 1.74483e+08 9.42646e+07 1.42207e+08 1.74848e+08 8.6576e+07 1.52985e+08 1.6134e+08 2.14954e+08 1.24088e+08 1.3086e+08 1.99343e+08 1.37312e+08 1.21643e+08 1.68015e+08 1.29624e+08 7.63855e+07 1.77958e+08 1.34762e+08 1.40409e+08 1.46657e+08 1.29271e+08 1.45776e+08 1.67727e+08 2.1853e+08 1.56413e+08 1.98141e+08 1.4655e+08 1.47303e+08 1.19691e+08 1.75554e+08 2.13702e+08 1.23482e+08 2.29923e+08 1.44037e+08 1.68392e+08 1.41966e+08 1.95965e+08 1.85665e+08 1.44932e+08 1.16168e+08 1.36221e+08 6.38383e+07 1.26849e+08 9.48728e+07 1.69676e+08 1.06803e+08 1.43778e+08 9.61313e+07 
3.50276e+07 4.70993e+07 4.05277e+07 4.46089e+07 5.49617e+07 4.36467e+07 5.20008e+07 6.67654e+07 5.20997e+07 3.71615e+07 6.26521e+07 2.83335e+07 4.70787e+07 4.76241e+07 5.24332e+07 6.13358e+07 5.41771e+07 5.37666e+07 4.3441e+07 8.65504e+07 4.65151e+07 6.31259e+07 4.57509e+07 5.9918e+07 6.94569e+07 5.30985e+07 4.63619e+07 5.815e+07 5.84571e+07 4.23823e+07 6.07712e+07 3.80237e+07 5.15228e+07 3.21525e+07 5.7868e+07 6.13333e+07 5.38839e+07 5.14038e+07 4.43042e+07 6.73835e+07 7.0984e+07 5.31588e+07 5.09458e+07 5.56402e+07 6.38383e+07 5.64824e+07 4.71217e+07 3.61016e+07 4.47495e+07 7.10428e+07 5.47163e+07 
2.91774e+07 3.15581e+07 2.13338e+07 2.50161e+07 1.51889e+07 3.54796e+07 2.07389e+07 1.95077e+07 1.7408e+07 1.66724e+07 1.54053e+07 2.54947e+07 2.57723e+07 2.59837e+07 1.95095e+07 3.14737e+07 2.32219e+07 2.60554e+07 3.15702e+07 3.32374e+07 1.4381e+07 2.29705e+07 1.79844e+07 2.51448e+07 3.99994e+07 3.0134e+07 2.99175e+07 2.77686e+07 3.28547e+07 2.69169e+07 2.54545e+07 2.08852e+07 1.95749e+07 3.19729e+07 3.31504e+07 3.08728e+07 2.9709e+07 3.57358e+07 2.546e+07 2.78239e+07 2.31815e+07 1.71026e+07 2.1791e+07 2.52687e+07 1.5278e+07 1.62661e+07 2.24824e+07 3.23811e+07 1.97283e+07 2.6503e+07 2.85464e+07 
6.27461e+06 4.4565e+06 8.03944e+06 5.22429e+06 9.21165e+06 5.72913e+06 4.75193e+06 5.02445e+06 7.58694e+06 5.32679e+06 6.69249e+06 5.43268e+06 5.92025e+06 6.73836e+06 8.21962e+06 6.91576e+06 6.3363e+06 5.29821e+06 6.69238e+06 9.74733e+06 6.37898e+06 7.71993e+06 5.9789e+06 5.18746e+06 9.77337e+06 6.59758e+06 5.19067e+06 6.9263e+06 3.69107e+06 6.3023e+06 6.45372e+06 8.76906e+06 6.2225e+06 8.33091e+06 6.81651e+06 8.36953e+06 6.56838e+06 8.80834e+06 8.04185e+06 6.68347e+06 4.18897e+06 6.18075e+06 6.51357e+06 5.18769e+06 4.90736e+06 8.10153e+06 8.12541e+06 5.44563e+06 7.66139e+06 8.42679e+06 4.2202e+06 
230868 222497 259550 224517 144067 206110 182970 250935 200713 210041 291895 219915 180130 220003 171630 276739 255715 281556 166439 227428 260142 169955 195623 183245 258397 188890 154855 167927 263854 227561 200796 256865 154034 273512 168395 250879 261433 172381 192452 225226 184594 242265 242958 166532 229325 162684 260844 194081 200251 244738 164396 
4363.46 4454.52 3280.55 4204.09 3038.37 4498.58 4138.83 4561.77 4048.68 4038.98 4514.83 3853.99 4564.52 4165.59 4233.87 4363.43 3218.26 3525.7 3966.98 4159.08 3901.14 4387.65 3689.07 4400.22 4559.16 3867.46 3848.75 3663.59 4039.02 4057.33 3711.01 4323.91 3683.25 3293.83 4454.42 4654.91 3850.47 4598.07 4313.91 3681.15 3482.42 4062.42 4121.4 3884.3 3175.86 4098.64 3790.4 3725.28 3710.76 4477.14 4025.07 
2445.06 2590.19 1640.21 1753.16 748.454 2782.52 1814.22 2595.56 1972.64 2007.12 2476.41 1163.84 2522.86 2490.83 2156.96 2282.64 2211.32 2121.67 1786.64 3064.2 2368.68 2465.37 1538.93 2243.72 3338.77 1702.43 1288.77 2296.17 2476.81 2305.38 1974.15 2359.69 2087.36 1548.52 2415.68 2633.38 1195.67 2550.14 2343.52 1448.68 2245.51 2191.79 2354.53 2055.27 1058.22 2023.32 1931.51 1201.48 2424.53 2688.06 2064.32 
1175.63 1952.87 928.96 1026.09 384.594 2322.04 1014.92 1401.82 1173.44 1480.97 1225.01 666.803 1182.85 1370.3 965.808 775.73 2077.95 1325.31 718.914 2436.57 1682.19 1494.87 855.286 729.052 2065.11 997.25 684.836 1367.58 1590.98 1245.53 1163.51 1285.56 997.545 872.94 1592.93 1729.52 371.39 1648.51 1631.75 676.084 962.135 1099.11 1034.75 921.071 704.334 934.429 710.045 746.659 1536.52 1832.29 1407.18 
915.793 1253.05 917.674 668.878 382.157 2013.18 995.479 883.694 707.248 804.073 405.41 662.885 443.476 884.542 674.347 515.507 1541.04 943.191 502.541 2058 1235.28 784.744 797.938 639.476 1335 698.481 660.249 854.506 792.655 930.845 577.639 1141.93 915.844 755.749 1425.56 1053.47 363.889 753.36 938.625 660.277 611.279 364.825 720.697 543.844 702.135 423.983 573.574 736.46 1087.73 638.976 1361.95 
912.377 803.357 917.641 665.896 382.152 1535.89 995.418 793.136 696.952 374.63 338.74 662.867 423.296 874.581 673.812 512.727 1123.02 539.422 500.095 1131.91 861.289 711.98 797.728 639.077 878.399 696.207 660.167 761.728 763.107 930.185 564.166 1141.39 915.426 754.464 707.205 969.649 363.859 696.533 790.555 660.202 609.229 336.006 720.01 539.701 702.128 402.496 572.959 736.435 994.228 538.745 1361.87 
912.365 800.633 917.64 665.854 382.152 1017.74 995.418 792.101 696.782 347.428 338.538 662.866 423.134 874.445 673.811 512.705 1098.3 396.39 500.084 993.116 841.92 711.217 797.727 639.069 873.515 696.189 660.167 759.956 762.966 930.183 564.031 1141.39 915.422 754.459 545.779 969.166 363.859 695.245 786.517 660.202 609.219 335.641 720.001 539.662 702.128 402.459 572.949 736.435 992.337 538.444 1361.87 
912.365 800.614 917.64 665.853 382.152 979.869 995.418 792.085 696.78 347.143 338.535 662.866 423.133 874.444 673.811 512.705 1097.93 393.951 500.084 991.807 841.527 711.212 797.727 639.069 873.505 696.189 660.167 759.94 762.965 930.183 564.031 1141.39 915.422 754.459 544.453 969.159 363.859 695.235 786.446 660.202 609.219 335.638 720.001 539.662 702.128 402.459 572.949 736.435 992.315 538.437 1361.87 
912.365 800.613 917.64 665.853 382.152 977.79 995.418 792.084 696.78 347.14 338.535 662.866 423.133 874.444 673.811 512.705 1097.93 393.721 500.084 991.779 841.525 711.212 797.727 639.069 873.505 696.189 660.167 759.94 762.965 930.183 564.031 1141.39 915.422 754.459 544.403 969.159 363.859 695.235 786.445 660.202 609.219 335.638 720.001 539.662 702.128 402.459 572.949 736.435 992.314 538.437 1361.87 
912.365 800.613 917.64 665.853 382.152 977.38 995.418 792.084 696.78 347.14 338.535 662.866 423.133 874.444 673.811 512.705 1097.93 393.706 500.084 991.77 841.524 711.212 797.727 639.069 873.505 696.189 660.167 759.94 762.965 930.183 564.031 1141.39 915.422 754.459 544.372 969.159 363.859 695.235 786.444 660.202 609.219 335.638 720.001 539.662 702.128 402.459 572.949 736.435 992.314 538.437 1361.87 
