374.515 390.902 379.673 390.084 357.321 353.621 354.94 369.926 390.492 342.064 372.26 352.373 360.099 363.056 361.838 371.607 376.778 370.262 365.334 368.447 369.355 366.946 357.576 388.895 360.354 365.226 356.354 343.471 355.514 358.704 375.016 363.923 348.544 349.083 350.116 365.458 362.452 352.158 380.489 375.26 380.979 370.711 354.289 373.713 360.39 363.367 363.223 367.917 378.927 369.435 363.268 
345.111 338.474 337.823 338.217 336.848 337.003 343.79 338.003 339.969 342.064 340.041 338.533 338.252 338.843 337.544 341.905 339.034 340.148 342.508 335.218 332.567 334.646 338.932 338.017 335.324 340.586 337.412 338.017 336.506 342.362 339.99 338.097 338.088 338.489 338.458 344.487 341.113 342.815 343.086 335.682 335.507 336.165 338.982 339.052 335.236 337.656 336.998 337.023 343.631 332.565 343.786 
335.673 333.021 332.592 332.476 332.192 331.763 332.082 331.89 333.066 333.6 333.843 331.514 332.45 332.626 332.709 331.457 331.765 333.241 332.89 333.224 332.567 332.542 331.278 330.55 332.224 333.032 331.649 333.032 333.194 334.966 332.796 332.131 334.123 333.476 332.715 332.791 332.919 331.67 333.185 331.585 333.39 334.103 332.249 333.638 331.805 334.147 334.273 333.18 331.972 331.215 333.652 
329.975 329.894 329.705 329.737 329.727 329.632 329.705 329.87 329.845 329.751 329.73 329.768 329.684 329.735 329.832 329.655 329.787 329.719 329.738 329.646 329.719 329.787 329.83 329.872 329.79 329.676 329.645 329.719 329.854 329.784 329.727 329.809 329.7 329.802 329.642 329.842 329.779 330.009 329.722 329.78 329.774 329.72 329.88 329.951 329.673 329.716 329.876 329.795 329.915 329.759 329.647 
329.459 329.459 329.458 329.458 329.458 329.458 329.458 329.458 329.458 329.458 329.458 329.458 329.458 329.459 329.458 329.458 329.459 329.458 329.458 329.458 329.458 329.458 329.459 329.459 329.458 329.458 329.458 329.458 329.458 329.458 329.458 329.458 329.458 329.458 329.458 329.458 329.458 329.458 329.458 329.458 329.458 329.459 329.458 329.458 329.458 329.459 329.459 329.458 329.458 329.458 329.458 
329.457 329.457 329.457 329.457 329.457 329.457 329.457 329.457 329.457 329.457 329.457 329.457 329.457 329.457 329.457 329.457 329.457 329.457 329.457 329.457 329.457 329.457 329.457 329.457 329.457 329.457 329.457 329.457 329.457 329.457 329.457 329.457 329.457 329.457 329.457 329.457 329.457 329.457 329.457 329.457 329.457 329.457 329.457 329.457 329.457 329.457 329.457 329.457 329.457 329.457 329.457 
329.457 329.457 329.457 329.457 329.457 329.457 329.457 329.457 329.457 329.457 329.457 329.457 329.457 329.457 329.457 329.457 329.457 329.457 329.457 329.457 329.457 329.457 329.457 329.457 329.457 329.457 329.457 329.457 329.457 329.457 329.457 329.457 329.457 329.457 329.457 329.457 329.457 329.457 329.457 329.457 329.457 329.457 329.457 329.457 329.457 329.457 329.457 329.457 329.457 329.457 329.457 
329.457 329.457 329.457 329.457 329.457 329.457 329.457 329.457 329.457 329.457 329.457 329.457 329.457 329.457 329.457 329.457 329.457 329.457 329.457 329.457 329.457 329.457 329.457 329.457 329.457 329.457 329.457 329.457 329.457 329.457 329.457 329.457 329.457 329.457 329.457 329.457 329.457 329.457 329.457 329.457 329.457 329.457 329.457 329.457 329.457 329.457 329.457 329.457 329.457 329.457 329.457 
329.457 329.457 329.457 329.457 329.457 329.457 329.457 329.457 329.457 329.457 329.457 329.457 329.457 329.457 329.457 329.457 329.457 329.457 329.457 329.457 329.457 329.457 329.457 329.457 329.457 329.457 329.457 329.457 329.457 329.457 329.457 329.457 329.457 329.457 329.457 329.457 329.457 329.457 329.457 329.457 329.457 329.457 329.457 329.457 329.457 329.457 329.457 329.457 329.457 329.457 329.457 
329.457 329.457 329.457 329.457 329.457 329.457 329.457 329.457 329.457 329.457 329.457 329.457 329.457 329.457 329.457 329.457 329.457 329.457 329.457 329.457 329.457 329.457 329.457 329.457 329.457 329.457 329.457 329.457 329.457 329.457 329.457 329.457 329.457 329.457 329.457 329.457 329.457 329.457 329.457 329.457 329.457 329.457 329.457 329.457 329.457 329.457 329.457 329.457 329.457 329.457 329.457 
329.457 329.457 329.457 329.457 329.457 329.457 329.457 329.457 329.457 329.457 329.457 329.457 329.457 329.457 329.457 329.457 329.457 329.457 329.457 329.457 329.457 329.457 329.457 329.457 329.457 329.457 329.457 329.457 329.457 329.457 329.457 329.457 329.457 329.457 329.457 329.457 329.457 329.457 329.457 329.457 329.457 329.457 329.457 329.457 329.457 329.457 329.457 329.457 329.457 329.457 329.457 
329.457 329.457 329.457 329.457 329.457 329.457 329.457 329.457 329.457 329.457 329.457 329.457 329.457 329.457 329.457 329.457 329.457 329.457 329.457 329.457 329.457 329.457 329.457 329.457 329.457 329.457 329.457 329.457 329.457 329.457 329.457 329.457 329.457 329.457 329.457 329.457 329.457 329.457 329.457 329.457 329.457 329.457 329.457 329.457 329.457 329.457 329.457 329.457 329.457 329.457 329.457 
329.457 329.457 329.457 329.457 329.457 329.457 329.457 329.457 329.457 329.457 329.457 329.457 329.457 329.457 329.457 329.457 329.457 329.457 329.457 329.457 329.457 329.457 329.457 329.457 329.457 329.457 329.457 329.457 329.457 329.457 329.457 329.457 329.457 329.457 329.457 329.457 329.457 329.457 329.457 329.457 329.457 329.457 329.457 329.457 329.457 329.457 329.457 329.457 329.457 329.457 329.457 
329.457 329.457 329.457 329.457 329.457 329.457 329.457 329.457 329.457 329.457 329.457 329.457 329.457 329.457 329.457 329.457 329.457 329.457 329.457 329.457 329.457 329.457 329.457 329.457 329.457 329.457 329.457 329.457 329.457 329.457 329.457 329.457 329.457 329.457 329.457 329.457 329.457 329.457 329.457 329.457 329.457 329.457 329.457 329.457 329.457 329.457 329.457 329.457 329.457 329.457 329.457 
