472208 434306 510191 538030 376650 544183 512804 508569 522824 533640 541413 522022 508286 542637 484139 562670 443771 525566 491018 488194 537191 496882 557524 585821 536041 514453 551372 519004 439592 448876 498791 537909 540831 503615 557986 463685 536651 496832 551255 601125 501405 569185 454893 464571 473451 552190 445002 499081 503085 522939 496782 
465421 380878 424075 428962 376650 453052 435953 448624 445166 444887 437048 446538 482451 433137 415620 462773 443771 482545 378862 488194 501120 444948 423037 430219 465664 488264 434447 444676 439592 410963 472318 427389 512990 407778 417956 457238 473913 445385 434681 469829 414872 409375 454893 464571 437333 360884 388773 463895 497547 500734 441927 
426953 353418 407498 413077 376650 381176 418167 414819 381801 389689 424141 396086 400419 433137 415620 417262 440448 392826 343099 429229 313032 415739 423037 381715 425506 402628 392216 416437 409579 389389 405679 394897 417829 357926 417956 395727 380503 392214 427870 390771 378466 379735 392563 390326 336394 360884 287595 409068 399541 356609 433179 
264110 253186 253995 232123 244514 282541 238551 211226 222189 256179 235443 268392 215454 258924 244405 262376 271415 247568 217205 276486 250933 279605 260301 222199 253113 259516 249931 268431 262675 229830 245637 236562 255933 255847 271506 250878 238991 266661 242485 242708 258026 275837 268087 262715 214922 209221 245622 255754 263008 248698 246255 
23843.5 25435.4 22739.8 20095.3 20704.1 29870 21592.2 20629.8 22191.1 25611.3 23532.1 22779.8 24573.4 23970.7 22425 24508.1 26738.2 18708.4 20022 20693.8 22245.8 25243.5 23681.4 19069.1 22711.9 23206.9 19181.5 24653.5 26456.9 22230.4 21961 24728.1 22375.3 21283.6 25921.6 26834 25196 20940.4 26979.2 22199 24484 27202.1 21782.2 18818.9 18628 20874.3 19355.3 23223.9 25161.5 21989 25778.7 
120.16 132.281 102.615 149.976 90.5786 221.599 178.164 82.4516 116.371 106.24 73.5618 128.784 90.2686 142.451 141.229 127.107 82.713 97.8385 101.001 77.2131 128.291 145.145 129.429 190.485 143.221 160.477 63.847 140.222 197.999 78.1802 129.754 93.2002 87.6009 117.315 131.001 136.542 121.193 89.5885 164.3 91.9775 181.275 101.379 163.766 125.075 77.4161 106.877 93.1004 102.602 129.066 110.378 188.807 
0.529841 0.735374 0.603223 1.21187 0.695593 0.872505 1.96326 0.465659 0.711847 0.325809 0.37318 1.09526 0.549262 0.728182 1.30135 0.424903 0.381223 0.608205 0.476121 0.449126 0.637355 0.981128 0.525871 1.11456 0.882126 0.820879 0.340584 0.460367 1.03483 0.57191 0.620456 0.350561 0.55052 1.08533 0.465624 0.666932 0.677176 0.362203 0.698798 0.34789 1.51861 0.98019 0.981291 0.755579 0.587102 0.468085 0.721978 0.477404 0.89361 0.973263 0.560476 
0.00313612 0.00518808 0.00301078 0.0103077 0.00286707 0.00323297 0.0110169 0.0034812 0.00611391 0.00135336 0.00184525 0.00735821 0.00339471 0.00374571 0.00960037 0.00130957 0.00301422 0.00352718 0.00159871 0.00238777 0.00358028 0.00585829 0.00237427 0.00692454 0.0045639 0.00726154 0.00241124 0.00208616 0.00836711 0.00443664 0.0059341 0.00240102 0.00222088 0.00684503 0.00306145 0.00502095 0.0031995 0.00158652 0.00157655 0.00176332 0.0112871 0.00641677 0.00622808 0.00273303 0.00245698 0.00340953 0.00820162 0.00205487 0.00372354 0.00773717 0.00216317 
2.62548e-05 2.38905e-05 7.43917e-06 5.11056e-05 1.31889e-05 1.22681e-05 3.27527e-05 1.46567e-05 2.42074e-05 6.5618e-06 1.7743e-05 7.7674e-05 1.81203e-05 1.2993e-05 4.91427e-05 6.04937e-06 1.12208e-05 1.56745e-05 8.98551e-06 1.6686e-05 2.57736e-05 5.466e-05 9.69893e-06 1.92621e-05 1.42365e-05 2.96244e-05 4.44055e-06 9.80025e-06 3.66137e-05 2.64166e-05 6.26295e-05 9.93214e-06 8.55354e-06 1.85777e-05 7.37301e-06 3.0613e-05 1.38303e-05 1.17899e-05 3.03632e-06 7.06679e-06 4.95689e-05 2.94858e-05 1.9295e-05 1.25017e-05 1.35988e-05 1.84321e-05 2.53858e-05 6.00584e-06 2.43973e-05 4.41035e-05 5.967e-06 
1.2163e-07 5.91832e-08 2.23333e-08 2.97863e-07 2.12418e-08 3.29001e-08 1.17314e-07 6.82767e-08 5.255e-08 2.50913e-08 1.19722e-07 2.3155e-07 1.04208e-07 5.25729e-08 3.05409e-07 1.23347e-08 4.41239e-08 8.21875e-08 3.81538e-08 1.04486e-07 2.85219e-07 4.90978e-07 3.72136e-08 1.04878e-07 9.93462e-08 2.18868e-07 1.11805e-08 4.52924e-08 2.90783e-07 9.45763e-08 2.98919e-07 3.00739e-08 5.14339e-08 1.17204e-07 4.88357e-08 2.35383e-07 3.89225e-08 1.0073e-07 1.43504e-08 1.30728e-08 1.64653e-07 1.96284e-07 4.79633e-08 5.62761e-08 7.31777e-08 9.90473e-08 1.2974e-07 1.6484e-08 8.25138e-08 3.54048e-07 3.06964e-08 
0 0 0 0 0 0 0 0 0 0 0 0 0 0 0 0 0 0 0 0 0 0 0 0 0 0 0 0 0 0 0 0 0 0 0 0 0 0 0 0 0 0 0 0 0 0 0 0 0 0 0 
0 0 0 0 0 0 0 0 0 0 0 0 0 0 0 0 0 0 0 0 0 0 0 0 0 0 0 0 0 0 0 0 0 0 0 0 0 0 0 0 0 0 0 0 0 0 0 0 0 0 0 
0 0 0 0 0 0 0 0 0 0 0 0 0 0 0 0 0 0 0 0 0 0 0 0 0 0 0 0 0 0 0 0 0 0 0 0 0 0 0 0 0 0 0 0 0 0 0 0 0 0 0 
0 0 0 0 0 0 0 0 0 0 0 0 0 0 0 0 0 0 0 0 0 0 0 0 0 0 0 0 0 0 0 0 0 0 0 0 0 0 0 0 0 0 0 0 0 0 0 0 0 0 0 
