14333.7 14605.3 14452.8 13962 14262.8 13760 14583.6 13603 14029 14547.2 14489.3 14738.6 14388.2 13864.8 14363.5 13946.3 14375.7 13493.6 14205.9 14703 14741.5 14486.2 14751.4 13960.4 13975 14580.1 14482.2 14571.9 14657 14434.8 14409 14696.7 14256.7 14873.7 14297.3 13606.1 14074.5 15094.7 14596.3 14748.5 14430.6 14357.8 14219.1 13247.9 14582.9 15109.2 13666.4 13818.2 14412.6 14363.7 14809.6 
14008.7 13102.5 14292.8 13962 14262.8 12688.1 12863.3 13603 13814.8 14409.7 14082.7 14058.5 13644.6 13847.9 14325.2 13691.1 14341.9 13493.6 13657 14067.9 14191.2 13950 14321.4 13686 13975 14403.9 13821.5 12599.9 13907.8 13814.3 13684.7 14512.6 14256.7 14182.4 14182.6 13606.1 14074.5 14098.4 14012.1 14475.3 14430.6 13057.9 13912.6 13247.9 14426.7 13932.6 13666.4 13818.2 14412.6 13546.7 13343 
13537.8 13102.5 13928.6 13962 13743.7 12688.1 12863.3 13586.1 13516.9 14409.7 14082.7 13947.3 13644.6 13592.4 13282.3 13691.1 12681.2 13466.1 13657 13443.6 13737 13563.3 12990 13686 13975 13486.7 13821.5 12599.9 13731.4 13534.1 13684.7 14187.2 12984.2 13583.5 13178.6 13606.1 14074.5 14098.4 13813 14367.5 14152.2 13057.9 13586.2 12550.5 13972.6 13932.6 13666.4 13470.6 14134.5 13272.2 13343 
12757 13102.5 13626.2 13962 12835.6 12688.1 12863.3 13112.3 13516.9 13709.7 13634.2 13548.3 13084.3 12788.7 13282.3 12524.4 12681.2 13264.2 13219.4 13443.6 13279.1 12679.7 12990 13686 13099.7 13328.6 13055.1 12599.9 13731.4 12805.7 13684.7 13803.8 12984.2 13264.1 13117.2 13606.1 13834.2 13974.1 13570.1 13597.1 13812.5 11687.3 13586.2 12550.5 13883.2 13770.4 13407.3 13268.6 13489.1 13272.2 13343 
12757 12914.7 12952.5 13419.8 12323.2 12602.2 12821.7 12722.2 12676.8 12963.2 12668 12762.3 12713.5 12271.2 12810.9 12524.4 12681.2 12070 12752 12431.8 12678.3 12679.7 12708.4 13492 12930.5 12341.7 12554.3 12599.9 12839 12722 12780.6 12015.5 12911 12725.8 12484.2 13010.3 12272.2 12321.4 11872.9 13338.6 13203 11687.3 12766.9 12235.9 13144.5 12875.2 12992.7 12924.2 13281 12632.3 12651.3 
11587.9 12009.2 10896.1 12414.7 11784.7 12147.4 11822.7 11687.2 12019.1 12003 12187.3 11171.8 11962.6 11701.5 12388.1 12196.2 11332.4 12061.5 11712.7 11519.8 12379.5 11079.7 12105.5 11515.9 11770.3 12146.9 12068.7 12102.6 11375.6 11968.2 11471.7 11845.1 11912.3 11765.5 11733 12433.8 11531.5 12126 11772.2 12213 11788.9 11687.3 11420.2 12013.8 12222.1 11651.8 12028.6 12036.2 10827.8 11879 12011.9 
11047.2 10888.9 10896.1 10450.5 10602.6 11228.5 11382.8 11028.8 10981.3 11220.6 10273.2 11141.2 10783.3 10426.8 10983.3 11190.2 10495.7 10955.6 11199 10586.7 11110.7 9986.52 11273.6 10484.8 11124.5 10468.7 10655.6 10953.8 11064.7 10763.4 10912.6 11303.5 11388.1 11020.1 11125 11271.2 10783.1 11502.4 10870.3 11288 11011.2 10106.8 10717.5 11125.7 10752.7 11092.8 11032.4 10813.4 10737.1 10255.8 11008.2 
9327.98 9763.54 9993.46 10033.3 10234.4 9508.59 9730.33 9101.52 9772.73 10112.6 8837.85 9827.22 10223.8 9905.39 9333.44 9789.41 9635.94 9292.6 9891.93 9705.44 9676.93 9779.84 9854.16 9312.29 9778.56 9871.75 9504.08 9284.35 9334.72 9660.22 10153.7 10221.2 10536.3 9489.09 9975.33 9842.56 9670.94 10253.5 10023 9640.73 9083.86 10106.8 9532.63 9744.33 9835.46 9371.07 9649.05 9678.9 9285.22 9729.33 9872.97 
8800.09 9230.88 8588.09 8765.14 9233.45 9007.45 9391.8 9101.52 9335.8 9522.66 8837.85 9421.11 9253.13 9251.31 8417.82 9221.76 9415.4 9258.35 9234.36 9361.23 8317.97 9259.5 8134.39 9140.46 9125.71 8685.92 8928.71 9265.2 9247.32 9165.36 8604.48 9003.74 9404.76 9098.42 9440.56 8670.2 8890.63 8898.97 9036.06 8844.42 8932.53 8976.09 9394.39 9440.13 9162.99 8698.92 8934.47 9441.9 8099.66 8369.87 9279.27 
6744.16 6582.91 6358.99 6671.18 6401.24 6258.67 6590.14 6580.27 7067.35 6081.48 6596.98 6150.17 7065.07 6004.3 6402.31 6142.02 6215.83 6135.24 6685.18 6422.7 7035.44 7031.7 6595.26 6407.99 6301.27 6558.1 6972.8 6798.89 6623.11 6978.59 6467.5 6461.4 6213.22 6453.65 6868.82 6651.51 6821.49 5605.6 6427.64 6642.18 5741.14 6917.78 6836.43 6675.48 6319.18 6891.42 6586.2 6729.2 6222.68 6119.73 6724.96 
3953.52 4396.91 4008.4 3848.06 4289.43 4148.37 4053.35 4419.1 4736.14 4095.48 4206.42 4389.97 3730.11 3791.19 4053.87 4248.88 4425.97 4431.32 3890.29 4421.8 4131.63 4439.37 4211.44 4323.42 4404.71 3970.65 3911.61 3512.86 3731.82 4426.09 4441.64 4282.33 3997.15 3391.55 4254.82 4548.12 4788.49 4185.98 3669.55 4282.66 4646.48 3832.2 4513.89 4522.5 3353.6 4309.81 3773.54 4559.25 3722.85 3801.29 4181.52 
1044.14 1035.93 749.689 813.59 1504.75 1373.55 1269.13 969.523 1484.41 1409.28 917.556 1043.87 1170.9 963.878 1334.3 1602.14 1179.53 1222.3 1444.69 1323.79 1168.71 1034.46 1353.17 851.254 1087.4 977.554 1033.81 1086.73 1456.53 1397.36 1246.67 1040.33 1843.85 900.849 1124.64 1307.35 994.52 1482.05 691.718 1184.69 1181.61 1194.31 1151.73 977.17 772.007 1187.43 817.187 1118.51 1143.93 1355.07 1600.49 
45.3507 51.1739 55.3636 46.696 97.2563 63.1442 68.0334 59.6566 78.4152 61.5983 57.6201 52.9125 69.3117 51.0761 63.2941 92.1836 50.1218 58.9965 77.0738 88.6772 57.3127 79.7475 76.8874 62.578 73.5448 46.3532 53.7008 49.6922 88.1187 49.5999 64.3967 46.0158 89.9697 51.8684 42.5838 44.2452 78.9042 81.4318 32.8863 79.2202 54.0471 70.7833 51.5445 65.3777 46.6975 57.1388 66.1933 52.1532 60.9198 56.9462 86.7284 
0.102435 0.0500102 0.0749916 0.0500232 0.0785995 0.100005 0.13068 0.0801107 0.0999808 0.137427 0.0989351 0.0420305 0.062477 0.0316416 0.126582 0.0626735 0.0505581 0.100152 0.17509 0.0749712 0.0249931 0.0250123 0.100805 0.0499867 0.0755012 0.0533581 0.0874476 0.0752802 0.0889359 0.0965124 0.0876952 0.12493 0.044526 0.0499802 0.100787 0.0625615 0.0499753 0.0276373 0.0640532 0.0757477 0.0886671 0.10162 0.0877046 0.114703 0.0920145 0.07498 0.110776 0.0500142 0.0829026 0.0878044 0.115415 
