584717 833358 67988.7 1.36539e+06 821465 304180 183079 650185 1.01041e+06 664820 102042 199860 1.99631e+06 101693 1.058e+06 1.07036e+06 125046 508056 220450 1.04186e+06 212939 441219 209009 300342 285199 170797 171173 1.32197e+06 643516 603520 1.00714e+06 465263 455255 395516 925716 679087 358576 261259 1.49315e+06 898502 1.81295e+06 74516.7 152754 498215 796393 58742.7 564499 80052 1.04169e+06 58882.4 656083 
77283.6 57276.9 67988.7 209923 73489.1 88486.1 64803.2 99464.9 98722.3 64611.3 81478.4 98761.8 44312.4 71559.2 48456 89217.5 65300.6 249344 62846 100554 53339.4 47564 70315.6 49774 43467.4 41502.9 34581.3 247504 52566.8 54962 287649 39795.8 81734 81753.1 174349 233015 76689.9 94705.8 94429.5 267387 45956.4 37847.3 152754 89160.1 37678.6 25638 45792 80052 65850.2 58882.4 124955 
40949.4 7606.02 13362.2 12921.2 9848.08 10417.9 25835 17927.3 14110.8 9754.32 13503.6 8761.3 19627 21175.5 11011 3402.08 13421.6 29870 18154.6 33601.3 26945.1 13112.1 4177.78 16224.4 13344.8 6827.51 12714.2 7765.39 7932.73 36128.5 19241 16426 23544.6 1995.55 20439.4 28293 7701.75 10165.1 11216.8 6036.45 5536.91 26299.3 44959.2 36470.9 5964.74 4965.82 7671.71 34799.2 23033.8 4090.13 20709.1 
3331.37 1013.99 1256.77 2414.66 1250.06 1495.35 1934.66 1866.36 1361.05 1726.15 1740.62 2569.54 2256.41 2255.93 2596.66 1719.87 2096.5 1501.15 2572.56 2151.99 1415.94 2045.63 1725.19 1911.98 1639 738.073 1961.42 1436.15 1485.05 1463.32 2088.72 1596 2248.45 1431.82 2463.88 1362.48 2673.88 1977.82 1710.76 666.15 1837.7 1541.22 966.658 3482.14 1644.99 1691.47 1055.37 1923.75 2227.92 1866.87 1902.07 
305.935 192.327 162.921 273.251 334.393 401.077 184.454 368.664 239.084 227.555 322.934 250.045 228.721 189.837 166.358 190.007 283.77 260.691 145.612 370.064 274.571 351.343 313.202 266.846 173.062 244.002 243.766 460.941 164.854 332.883 328.059 259.989 390.226 81.1689 349.579 277.95 264.616 246.261 230.196 155.427 299.652 280.36 268.029 273.807 91.3155 365.841 191.063 199.208 288.304 300.221 111.704 
103.774 125.053 63.1191 80.4994 144.248 113.015 132.953 92.3676 73.879 108.151 29.3641 81.0903 74.9707 66.8024 89.3486 128.542 67.7666 96.1562 76.5738 83.9407 149.181 90.3673 70.6372 121.61 81.7076 35.811 93.2051 97.6524 98.0931 101.956 105.328 54.699 130.097 58.4796 101.949 104.217 46.1596 172.476 85.4881 78.1931 116.831 86.423 108.432 96.5952 91.3155 103.604 61.3867 52.1191 118.39 124.483 101.237 
94.8392 87.8719 44.4049 40.2516 103.599 60.3242 75.3892 53.3232 61.6025 82.5473 29.3641 45.0028 43.9192 40.7901 49.6725 48.597 36.0843 43.4219 35.7283 26.596 70.4496 42.1841 28.928 22.5651 53.0508 28.697 40.7997 45.7364 44.0481 58.0045 25.0256 51.1187 30.4323 30.1929 39.7054 17.6113 35.6125 103.261 28.1906 56.0236 64.1199 52.123 38.3692 34.8247 19.365 53.0017 26.6677 29.1348 35.2876 63.4814 55.831 
35.1959 42.921 18.3852 14.7487 87.3922 38.5289 55.3476 19.6319 18.8948 47.8702 15.6874 23.3674 33.8984 33.5758 34.4313 31.4471 18.8734 10.082 10.0506 11.8532 44.868 13.3511 28.928 19.3689 33.5102 14.1104 12.0439 21.9603 26.1695 33.9497 25.0256 36.2136 27.3423 11.7339 24.7058 13.1115 16.3329 64.8682 25.2396 29.492 35.9512 26.9999 23.1035 15.6657 16.0381 27.76 7.50426 13.3662 27.8124 31.6059 33.0029 
24.4381 28.2556 13.7686 10.8673 39.9536 28.163 40.8174 11.2828 12.5721 26.286 10.7021 13.9897 14.6143 24.8243 18.2644 24.902 8.47725 5.5491 5.6816 3.18933 33.568 6.79866 10.2868 8.36321 19.7952 6.27875 7.31716 17.3885 15.7426 30.5426 8.51467 19.7113 23.1825 7.34212 16.9375 4.58402 11.9017 38.9578 17.7135 23.852 24.2234 7.99614 13.0829 9.36514 8.0219 11.1525 3.19017 6.26717 11.5351 25.6705 12.7612 
16.1124 12.259 11.6239 8.97899 29.5109 11.6905 38.9312 7.96425 4.54286 18.4297 5.89792 9.12839 13.5279 21.7506 11.9524 16.0558 2.28785 3.51924 3.48623 0.592142 15.1742 4.35417 4.6692 2.67221 14.0053 2.08691 6.90041 5.12138 8.95451 17.6025 3.77994 8.68575 10.9987 5.71057 12.3065 2.61437 6.55702 35.217 14.4298 16.2199 7.11665 1.4456 5.85466 7.91567 3.75231 10.0419 0.424026 4.09588 5.1408 19.2258 7.82589 
14.1307 12.0127 11.5892 4.2893 17.6787 2.44555 38.8 4.24389 3.80528 7.84413 3.82608 3.83321 9.3447 16.0628 7.48851 9.89072 0.472121 0.421559 1.9758 0.416286 14.0237 1.55761 2.91642 0.591061 8.3609 0.630676 3.20503 3.05267 4.25503 11.8368 1.77453 3.11707 7.89404 1.71003 2.90903 2.61435 3.49728 25.5491 11.847 8.90325 5.98182 0.208465 1.90112 6.01314 2.32307 8.35208 0.416286 2.14787 2.73774 14.0313 4.68828 
11.173 6.17791 11.5892 2.51724 2.6154 2.4062 38.8 1.41125 0.208269 2.8528 1.41125 3.60931 5.48828 10.1594 2.41042 1.42596 0.416286 0.416286 0.416289 0.416286 2.95009 1.41125 0.208222 0.416286 1.56429 0.416286 0.62832 2.19806 2.51181 3.1085 0.208143 0.995031 1.41912 1.2031 2.61435 2.61435 2.61435 19.1327 11.173 2.40724 1.41361 0.208143 1.41125 3.19305 0.62445 1.70745 0.416286 1.61939 2.19806 11.4026 2.19807 
11.173 6.17789 11.5892 2.19806 2.61435 2.4062 38.8 1.41125 0.208143 2.61435 1.41125 3.60931 5.39108 10.1577 2.4062 1.41125 0.416286 0.416286 0.416286 0.416286 1.41125 1.41125 0.208143 0.416286 1.41125 0.416286 0.624429 2.19806 2.4062 2.4062 0.208143 0.994959 1.41125 1.2031 2.61435 2.61435 2.61435 19.1326 11.173 2.4062 1.41125 0.208143 1.41125 3.19302 0.624429 1.2031 0.416286 1.61939 2.19806 11.3811 2.19806 
11.173 6.17789 11.5892 2.19806 2.61435 2.4062 38.8 1.41125 0.208143 2.61435 1.41125 3.60931 5.39108 10.1577 2.4062 1.41125 0.416286 0.416286 0.416286 0.416286 1.41125 1.41125 0.208143 0.416286 1.41125 0.416286 0.624429 2.19806 2.4062 2.4062 0.208143 0.994959 1.41125 1.2031 2.61435 2.61435 2.61435 19.1326 11.173 2.4062 1.41125 0.208143 1.41125 3.19302 0.624429 1.2031 0.416286 1.61939 2.19806 11.3811 2.19806 
