1969.67 1926.59 1908.17 1668.31 1901.24 1910.85 1855.15 1613.01 1660.99 2140.65 1681.33 1677.02 1830.78 1892.55 1823.88 1836.81 1925.86 2071.57 1477.97 2076.93 2035.52 1847.32 1611.19 1955.5 1988.73 2111.38 1555.01 1943.03 1729.54 1898.74 2099.57 1620.59 1977.4 1647.48 1801.65 1957.85 1846.36 1632.48 1352.45 1602.83 1034.42 1792.86 1956.2 1981.37 1768.02 1770.93 1928.95 2052.46 1729.79 1902.77 1284.42 
1497.57 1223.6 1815.14 1663.98 1711.45 1442.2 1365.97 1365.59 1576.39 1837.08 1489.51 1677.02 1583.29 1892.55 1823.88 1836.81 1365.11 1602.1 1477.97 1832.46 1284.29 1543.55 1522.01 1466.72 1427.44 1489.91 1555.01 1648.18 1729.54 1898.74 1602.36 1620.59 1977.4 1610.08 1738.87 1399.46 1846.36 1583.3 1352.45 1602.83 1034.42 1792.86 1834.41 1738.45 1220.57 1672.19 1669.01 1985.68 1442.98 1655.69 1284.42 
1497.57 1223.6 1615.03 1577.21 1711.45 1442.2 1365.97 1365.59 1576.39 1703.42 1489.51 1677.02 1314.93 1862.34 1645.42 1762.79 1365.11 1602.1 1477.97 1492.52 1284.29 1346.75 1522.01 1399.81 1427.44 1489.91 1555.01 1422.69 1578.99 1873.02 1594.4 1620.59 1334.13 1067.71 1522.47 1399.46 1846.36 1545.95 1352.45 1602.83 1034.42 952.106 1765.48 1738.45 1220.57 1390.73 1234.89 1797.2 1442.98 1655.69 1284.42 
1497.57 1218.55 1304.42 1577.21 1111.55 1442.2 1365.97 1365.59 1194.43 1703.42 1120.98 1476.79 1314.93 1554.71 1049.01 1337.99 1365.11 1560.04 1438.95 1492.52 1218.53 1346.75 1512.14 1396.83 1427.44 1277.52 1473.16 1406.08 1486.22 1719.63 1364.52 1445.6 1261.24 1067.71 1307.02 1399.46 1309.88 1481.31 1352.45 1491.92 1034.42 952.106 1146.03 1700.35 1104.52 919.951 1234.89 1346.01 1442.98 1455.81 1284.42 
1187.2 1118.96 1290.34 1022.18 1111.55 1073.5 1223.95 780.815 974.207 1390.3 1120.98 1076.56 1161.08 1262.02 1049.01 895.854 1141.86 984.474 1070.56 976.963 1168.62 1065.44 1107.83 1182.84 1223.83 1277.52 1213.52 706.791 1405.78 1327.56 967.51 1301.88 1022.2 958.431 1307.02 1137.82 1014.55 936.144 914.869 986.909 1034.42 952.106 1146.03 1035.33 1025.39 631.745 614.378 1346.01 929.438 1150.93 1132.75 
800.929 752.441 764.637 721.882 975.968 829.22 914.674 780.815 677.55 814.813 387.764 785.821 563.507 922.386 719.234 803.192 680.427 705.857 772.452 540.227 776.132 854.489 543.971 883.597 932.957 799.896 909.035 478.665 821.618 548.662 967.51 959.169 835.811 802.491 625.551 829.088 774.71 814.486 702.035 715.119 751.362 598.947 986.438 608.595 961.754 605.084 530.313 804.571 796.807 874.55 617.998 
699.505 505.662 518.571 377.726 551.478 352.242 552.728 450.793 301.996 666.632 387.764 687.476 345.7 660.521 556.417 687.134 300.083 633.944 452.252 529.94 457.347 366.934 445.303 602.617 444.079 418.113 534.002 371.79 429.945 314.032 530.456 654.127 394.854 481.609 401.245 679.79 425.065 485.471 410.964 503.182 393.144 561.054 495.003 606.431 558.803 336.025 454.774 704.601 602.711 485.289 442.5 
275.514 141.762 147.299 208.505 262.002 214.009 181.596 158.833 252.924 330.142 255.428 320.678 158.721 295.56 269.545 263.658 201.776 172.79 130.813 133.727 172.273 208.552 148.169 238.695 255.159 285.389 156.097 275.073 134.615 263.246 298.176 204.466 340.651 89.93 203.214 208.925 220.374 178.8 147.551 271.662 204.949 240.281 249.655 265.606 185.576 143.589 225.996 386.878 281.453 270.638 130.272 
160.393 74.339 100.532 195.003 107.889 52.2749 87.049 53.0502 101.661 101.554 155.686 124.576 22.5478 111.31 127.761 153.94 132.216 102.676 107.839 102.337 86.143 79.3752 74.4201 152.98 134.4 145.035 140.361 186.853 112.583 111.527 104.045 91.2165 117.156 52.9142 127.639 150.21 92.8333 97.8789 53.215 155.576 127.358 192.881 68.9175 95.9834 101.161 74.4806 142.475 186.939 131.516 83.8307 87.1119 
13.0534 11.4331 15.7586 21.1277 6.16363 7.65344 5.30523 3.98613 7.57788 12.0609 10.7808 5.89912 3.25526 16.5565 9.14786 15.3893 8.87555 3.92467 13.3252 11.5054 7.07369 7.94635 5.15495 10.5136 9.2443 7.10831 13.5981 33.6837 17.7967 16.759 15.6849 14.7204 16.137 13.4604 7.59095 14.0321 20.2485 8.42157 6.05022 16.6939 6.4499 22.8163 20.4799 17.267 22.6229 10.5446 27.2136 19.9186 29.262 10.6276 12.2921 
0.60255 0.493627 0.46142 0.774395 0.332731 0.433923 0.386585 0.32212 0.612099 0.337881 0.433713 0.918311 0.26798 0.696804 0.436031 5.03698 0.648031 0.405754 1.13607 0.546895 0.313189 0.986779 0.595586 0.313433 0.598218 0.264896 0.91709 0.480651 3.14921 0.419924 1.21311 1.55097 0.663851 0.711913 0.46266 0.453313 1.48434 0.589865 0.401371 0.865786 0.439874 0.440618 1.00438 2.48494 4.27505 0.237642 0.785795 1.36926 2.29265 3.79237 0.40425 
0.00018801 2.9097e-05 9.75205e-06 0.0624741 9.01846e-05 8.07349e-05 4.28751e-06 1.62674e-06 1.26475e-05 0.0624559 8.35799e-06 0.0625633 2.15928e-07 7.63299e-05 9.03967e-06 0.0627922 0.0624698 0.0624627 4.55607e-05 1.08407e-05 3.41104e-06 0.0010386 4.24366e-05 2.1351e-05 5.41142e-05 1.17757e-06 0.00087104 0.000169357 0.00192581 1.49544e-05 6.32831e-05 2.90344e-06 2.24554e-05 0.000324044 8.56809e-07 0.000153999 0.0165995 0.0624934 3.9199e-06 0.062581 5.4778e-06 0.00018137 0.0624894 0.000146215 0.00162921 2.68829e-06 0.000963633 0.000975563 0.0627475 0.0624713 5.32824e-06 
0 0 0 0.0624544 0 0 0 0 0 0.0624544 0 0.0624544 0 0 0 0.0624544 0.0624544 0.0624544 0 0 0 0 0 0 0 0 0 0 0 0 0 0 0 0 0 0 0 0.0624544 0 0.0624544 0 0 0.0624544 0 0 0 0 0 0.0624544 0.0624544 0 
0 0 0 0.0624544 0 0 0 0 0 0.0624544 0 0.0624544 0 0 0 0.0624544 0.0624544 0.0624544 0 0 0 0 0 0 0 0 0 0 0 0 0 0 0 0 0 0 0 0.0624544 0 0.0624544 0 0 0.0624544 0 0 0 0 0 0.0624544 0.0624544 0 
