9.43836e+08 6.54399e+08 6.78435e+08 7.55545e+08 7.16603e+08 6.48795e+08 3.06164e+08 7.13982e+08 8.23819e+08 9.15468e+08 6.85532e+08 6.26314e+08 8.13115e+08 6.1053e+08 5.15661e+08 7.91418e+08 7.47777e+08 1.19374e+09 6.46513e+08 8.16904e+08 5.05519e+08 2.95114e+08 9.12529e+08 1.08372e+09 6.10475e+08 3.8286e+08 4.64339e+08 1.63891e+08 5.29828e+08 5.16762e+08 5.05973e+08 1.06939e+09 6.6547e+08 3.90349e+08 6.635e+08 4.92157e+08 8.41108e+08 8.58416e+08 6.46025e+08 4.46546e+08 1.00654e+09 6.71738e+08 6.79221e+08 1.03745e+09 8.01712e+08 6.22102e+08 6.65467e+08 3.46102e+08 5.12947e+08 7.78785e+08 4.78599e+08 
2.37865e+08 2.94272e+08 1.50232e+08 2.22993e+08 9.60114e+07 1.68887e+08 9.51828e+07 1.87651e+08 1.72077e+08 8.22411e+07 1.45481e+08 8.04611e+07 1.72337e+08 1.05982e+08 1.44801e+08 1.65479e+08 1.62328e+08 1.70134e+08 1.96085e+08 2.25717e+08 1.50266e+08 1.12499e+08 1.58231e+08 1.56475e+08 1.72699e+08 4.55677e+07 1.68115e+08 8.95606e+07 6.5856e+07 1.97646e+08 1.92856e+08 1.6673e+08 1.77788e+08 2.27471e+08 2.05159e+08 1.42899e+08 1.89877e+08 1.3197e+08 1.67538e+08 2.15954e+08 1.96439e+08 2.05144e+08 1.82389e+08 1.03693e+08 2.24248e+08 2.65604e+08 2.14683e+08 1.7698e+08 1.09198e+08 7.84962e+07 1.61222e+08 
4.32354e+07 2.47047e+07 6.32078e+07 4.36323e+07 6.06759e+07 5.24632e+07 4.43431e+07 4.27231e+07 3.81219e+07 4.25217e+07 2.72165e+07 3.84036e+07 8.01121e+07 5.29936e+07 2.73107e+07 4.16624e+07 7.52996e+07 4.97604e+07 4.66134e+07 4.32513e+07 4.30511e+07 5.29137e+07 5.93607e+07 2.48741e+07 5.42376e+07 4.55677e+07 7.63455e+07 3.27993e+07 4.04556e+07 3.11382e+07 5.11751e+07 6.14329e+07 2.78987e+07 7.18981e+07 5.48562e+07 3.91085e+07 4.12378e+07 5.97807e+07 4.48069e+07 4.25806e+07 3.13349e+07 7.24921e+07 4.48504e+07 6.06275e+07 5.43726e+07 3.85454e+07 6.28942e+07 4.70915e+07 4.56821e+07 3.55423e+07 7.44374e+07 
7.5118e+06 3.01713e+06 6.59235e+06 6.02939e+06 9.0018e+06 4.77664e+06 6.74512e+06 4.79854e+06 6.69232e+06 5.00367e+06 7.00612e+06 8.60444e+06 5.60034e+06 3.61812e+06 4.95585e+06 7.07941e+06 5.49795e+06 6.76807e+06 8.04793e+06 7.171e+06 7.40423e+06 5.35206e+06 7.07509e+06 8.55275e+06 4.84111e+06 1.11956e+07 8.10351e+06 3.23235e+06 5.00399e+06 2.83479e+06 3.37347e+06 7.39154e+06 6.1922e+06 3.77544e+06 6.88949e+06 6.71284e+06 5.53509e+06 2.34182e+06 6.98755e+06 2.43566e+06 9.90023e+06 3.54183e+06 6.45749e+06 2.79903e+06 5.61943e+06 6.74337e+06 7.0054e+06 3.83429e+06 9.92481e+06 3.01435e+06 8.91741e+06 
42278.8 36721.6 30802.8 36686.1 45234.6 39468.4 33074 59147.5 48359.4 27349.5 52223.5 29903.7 30714.4 39337.6 46213.5 21350 55958.3 43237.3 49276.1 29362.3 33580.4 23780.4 26538.2 37255.3 23740.8 42904.8 45192 32969.7 24057.6 20188.8 32649.3 27884.9 26146.3 34204.5 42208.5 40601.5 72782.6 53847 10998.8 23968.1 24328.2 18942.9 60226.2 18504.5 27240.2 39185.1 41869.9 34249 45177.5 35061.6 40192.4 
100.184 122.37 112.349 95.1274 125.721 109.444 100.25 107.329 101.543 107.627 105.75 105.913 115.873 112.937 92.6685 95.0756 112.634 111.556 99.944 97.9578 101.837 106.063 115.283 114.537 116.767 110.475 111.709 110.017 119.02 118.619 101.043 83.6283 121.221 98.9564 94.8819 70.8441 111.99 114.21 108.137 103.949 101.378 103.059 96.3162 103.004 109.751 96.0552 101.12 93.3444 90.366 103.452 100.466 
61.5137 63.8788 53.9861 44.8422 59.0469 52.4313 53.3599 63.1345 63.6094 60.6929 49.4398 54.2881 50.7579 56.3684 48.435 58.5849 49.5855 51.8287 62.4527 55.9979 50.3504 56.5446 51.1862 49.8332 52.2103 48.0642 51.3823 58.0482 31.8389 60.2428 60.0903 61.738 51.7455 59.5484 49.2194 54.2876 61.6917 51.1936 60.4313 43.507 53.8304 55.2554 39.245 57.3448 42.4989 46.8381 52.5721 52.2828 56.0782 64.3278 55.2039 
37.3579 43.3254 33.4681 30.1 35.8472 28.2441 30.995 36.3936 33.7042 31.1278 37.466 35.493 31.6152 33.3738 38.3889 39.1804 36.2838 33.0962 39.8755 34.3878 32.5186 26.9719 36.6495 39.8563 37.1966 37.0948 32.2685 41.2355 31.8389 29.6822 26.8973 32.2716 40.5103 30.2854 28.487 23.8984 29.5157 34.4322 30.6324 29.8896 37.9638 37.9582 39.245 35.2773 34.3425 34.1691 26.3204 28.6416 28.0511 39.6423 23.4233 
20.32 19.6677 27.0645 20.0104 21.7881 18.2464 13.8655 21.7978 25.4121 23.5168 28.308 24.5418 24.0816 26.1963 15.1602 16.9481 22.6061 20.0147 25.215 25.3053 19.861 19.9206 20.315 19.0765 20.4074 29.0987 18.0255 23.5765 18.1859 22.7008 16.0007 19.209 23.8895 20.9145 15.9867 19.0976 16.9337 28.8629 16.1236 16.0353 18.7926 21.88 19.928 20.9912 20.8292 18.3624 18.3206 19.021 20.069 22.012 22.9253 
18.4486 14.2382 13.8594 16.8978 10.1145 13.9597 11.4033 13.7458 18.5999 17.5309 21.919 12.1079 18.1981 15.768 12.2032 11.6229 16.4133 15.6127 19.6191 20.279 15.2653 11.7328 13.2656 9.40871 17.0971 19.0186 17.6139 13.4734 14.873 15.663 14.6603 14.7724 15.5394 16.3169 15.2576 15.4575 16.9337 18.8591 14.1511 13.1983 13.8939 15.5501 14.5758 13.3076 13.4484 11.3717 14.8137 8.76482 16.8516 16.1168 20.6299 
16.0075 5.98571 12.0627 14.4299 3.63171 4.29004 3.40028 11.6832 15.6634 13.2326 19.3021 5.10056 10.1195 10.7303 5.82702 1.62597 12.0763 11.8335 16.4261 15.885 10.744 2.26219 10.1716 2.53518 5.81714 14.8613 14.4374 13.4734 9.34046 6.24463 11.6165 8.95328 8.94895 9.19228 10.8183 11.9873 14.4396 4.44567 7.22035 10.9299 9.15782 8.09322 10.0524 10.8773 10.2964 8.86262 11.5307 2.87896 11.9569 11.1103 18.5693 
7.13405 4.25135 5.3483 4.37622 3.38035 3.41389 3.23112 5.33313 6.78367 4.61731 16.5043 3.54072 2.4197 6.98628 4.32642 1.38388 4.36471 4.44047 5.96025 4.85867 4.2697 2.17536 2.44383 2.35261 3.23796 4.46901 8.50109 6.57711 2.39142 4.3732 2.38317 4.45633 4.25433 5.36062 5.60661 2.48756 3.70734 3.44883 3.26324 3.46978 2.70764 3.43927 2.2924 1.47985 1.48293 4.42446 1.49351 2.40469 3.60761 5.76898 6.65539 
5.3956 4.22362 5.25529 4.3038 3.36217 3.3897 3.21908 5.2225 6.47231 4.28959 6.34096 3.46915 2.3678 5.37404 4.28751 1.35303 4.28093 4.33897 4.33417 4.32833 4.19736 2.16641 2.40162 2.32425 3.16455 4.39431 6.38606 6.19017 2.32879 4.33678 2.29081 4.40658 4.201 5.33961 5.48696 2.41583 3.38407 3.42707 3.19244 3.25241 1.26754 3.34961 2.18962 1.26788 1.43743 4.33426 1.34652 2.39118 3.19921 5.35227 6.30667 
5.3581 4.20777 5.22972 4.30179 3.35581 3.36994 3.21031 5.19992 6.46877 4.26739 6.31042 3.46293 2.35205 5.36064 4.26827 1.32759 4.27087 4.31778 4.32508 4.31686 4.19063 2.14453 2.39506 2.31295 3.14024 4.3924 6.38273 6.16253 2.31721 4.32725 2.26377 4.40606 4.17853 5.33305 5.48577 2.41377 3.36891 3.42389 3.19086 3.22052 1.26406 3.34115 2.17431 1.26046 1.42217 4.33384 1.34244 2.38952 3.1943 5.32508 6.29657 
