3.17156e+08 3.4922e+08 2.79869e+08 3.74572e+08 2.99344e+08 2.20324e+08 2.05027e+08 2.3297e+08 1.8017e+08 2.52213e+08 1.73202e+08 2.65304e+08 2.79758e+08 3.42377e+08 2.48294e+08 1.96312e+08 3.09431e+08 2.25735e+08 2.87115e+08 3.27463e+08 3.04574e+08 3.11913e+08 3.2267e+08 1.68852e+08 3.46815e+08 3.55472e+08 4.15388e+08 2.39257e+08 2.98134e+08 3.04641e+08 3.20152e+08 2.5952e+08 3.5192e+08 3.20964e+08 3.60797e+08 2.56766e+08 2.49301e+08 3.1715e+08 2.86492e+08 2.32927e+08 3.07147e+08 3.28901e+08 3.48428e+08 2.69821e+08 2.76936e+08 2.48123e+08 3.2518e+08 3.26547e+08 3.58863e+08 3.18549e+08 3.39621e+08 
1.25272e+08 1.55948e+08 1.23419e+08 1.27649e+08 1.27167e+08 1.79278e+08 1.7067e+08 9.47191e+07 8.59764e+07 1.32769e+08 1.38174e+08 1.46883e+08 1.29334e+08 1.21338e+08 1.04338e+08 1.49556e+08 7.36051e+07 1.50987e+08 1.56623e+08 1.54501e+08 1.54209e+08 1.34273e+08 1.639e+08 1.33333e+08 1.41342e+08 1.58281e+08 1.55982e+08 1.10763e+08 1.22985e+08 1.58147e+08 8.54575e+07 1.7415e+08 1.70923e+08 1.12106e+08 1.36217e+08 1.49046e+08 1.58982e+08 1.48546e+08 1.40494e+08 1.11373e+08 1.10713e+08 1.2259e+08 1.58973e+08 7.49252e+07 1.24669e+08 1.62273e+08 1.31556e+08 1.00577e+08 1.00496e+08 1.51253e+08 9.20347e+07 
8.30189e+07 9.20096e+07 7.63448e+07 6.29633e+07 7.01023e+07 4.87625e+07 5.79975e+07 8.12345e+07 7.12477e+07 5.77539e+07 4.89246e+07 8.93108e+07 9.18816e+07 6.4515e+07 6.09851e+07 5.48065e+07 6.86441e+07 8.08325e+07 7.07527e+07 8.19576e+07 7.0182e+07 8.73111e+07 8.95385e+07 8.03681e+07 7.96366e+07 4.4819e+07 6.7426e+07 4.86369e+07 8.87883e+07 8.41246e+07 8.4801e+07 8.26893e+07 8.63003e+07 6.59502e+07 8.22403e+07 9.57138e+07 8.25962e+07 8.11196e+07 7.74213e+07 8.71686e+07 7.9743e+07 7.91555e+07 8.22996e+07 7.49252e+07 7.53248e+07 9.61267e+07 7.14759e+07 6.53325e+07 6.73385e+07 8.12964e+07 6.31178e+07 
1.58816e+07 3.02286e+07 2.23046e+07 2.73104e+07 2.25511e+07 2.62195e+07 2.4663e+07 1.32514e+07 1.82539e+07 2.59127e+07 2.15508e+07 2.58727e+07 2.95173e+07 3.26652e+07 2.9234e+07 2.59917e+07 2.38181e+07 2.90913e+07 2.73278e+07 2.50604e+07 1.57574e+07 2.47592e+07 2.87008e+07 2.0288e+07 2.66324e+07 1.58749e+07 2.43303e+07 2.36316e+07 2.6089e+07 2.47092e+07 2.40919e+07 2.35093e+07 2.36435e+07 2.2907e+07 1.98638e+07 2.57356e+07 1.75603e+07 2.21849e+07 2.30397e+07 2.18904e+07 2.37926e+07 2.09138e+07 2.16068e+07 2.29065e+07 1.82243e+07 2.57703e+07 2.75785e+07 1.8429e+07 1.2926e+07 2.58504e+07 2.54579e+07 
1.30774e+06 960286 1.21917e+06 982690 1.19048e+06 1.25715e+06 1.16502e+06 1.45018e+06 1.32802e+06 601508 1.33708e+06 1.06183e+06 1.24337e+06 1.07454e+06 997139 1.03322e+06 785474 1.1017e+06 1.26502e+06 1.04266e+06 631316 1.13208e+06 1.01004e+06 1.3166e+06 1.31027e+06 1.1984e+06 875243 1.20394e+06 939712 906936 1.40129e+06 1.03274e+06 942655 1.09935e+06 965370 1.09067e+06 1.25723e+06 1.51087e+06 1.08775e+06 1.27051e+06 1.00195e+06 1.04812e+06 1.55769e+06 972901 1.1221e+06 1.00623e+06 1.02912e+06 1.22954e+06 1.35858e+06 1.20066e+06 1.09843e+06 
10320.8 13286.6 16623.3 12560.9 11203 14826.1 14573.7 12668.4 12341.6 11225.4 14120.1 10522.7 13497.4 11311.9 12457.7 10699.7 10917.9 11730.6 12165 13302.8 11752.8 10128.9 10111.5 14588.9 11030.7 14973.5 11537.8 12018.7 11083.2 13964.8 12928.5 13794.6 12940.1 10124.6 11045.3 12510.3 8943.5 13113.6 12339 11727.3 12553.4 10364.8 13718.4 13183.9 13436.1 12930.1 11120.1 11968.9 13985.8 12057.6 11746.5 
3493.54 4798.39 4720.03 3801.08 4907.07 4467.66 2875.47 3396.23 4076.4 3855.99 3845.69 3710.64 3683.35 5759.96 3824.99 3165.73 4178.19 4008.06 2953.62 4026.75 3511.77 3392.28 3622.34 3821.15 3678.68 4121.2 3936.19 3754 3079.4 3757.62 4278.69 4352.38 3562.93 2460.59 3452.05 3601.66 2792.71 3346.92 4447.73 3947.86 4084.66 2291.68 5317 3638.04 3897.25 5737.31 3862.13 3501.88 3913.55 3120.28 3448.04 
2056.62 3268.21 2715.06 2122.35 2361.92 1759.05 1658.07 1971.86 1594.21 2010.57 2545.67 2546.69 2555.85 3820.09 2211.12 2276.08 2518.42 2064.12 1870.76 2568.49 2820.78 1913 2305.58 2321.15 2383.44 2018.62 2480.38 1991.4 2178.82 1667.48 2071.13 2424.47 2266.14 1554.92 2131.64 2282.12 2005.94 1522.23 2078.08 2903.13 2692.8 1200.36 2521.96 2097.49 2179.09 3462.66 2539.15 2143.4 2075.44 1724.76 2095.84 
1891.87 2706.78 2315.03 1724.62 2099.22 1427.92 1348.3 1202.78 1104.85 1670.12 2118.05 2165.98 2274.09 2666.11 1946.5 2035.3 2166.5 1574.16 1638.25 2305.65 2446.72 1583.87 1935.56 2069.6 2073.74 1642.58 2257.35 1662.72 2022.37 1411.9 1656.33 2057.98 2050.7 1241.12 1835.75 2034.69 1816.01 1076.96 1605.32 2591.4 2382.37 842.52 2123.2 1733.32 1878.89 2731.03 2337.18 1855.51 1638.17 1412.4 1852.14 
1772.69 2552.88 2178.53 1640.93 1962.73 1334.65 1225.96 1046.58 975.622 1494.06 1858.26 2003.06 2114.61 2350.73 1864.79 1951.78 2022.42 1355.75 1559.65 2198.9 2264.77 1505.89 1809.6 1880.43 1952.9 1471.23 2098.3 1485.32 1906.23 1321.95 1503.98 1939.23 1944.64 1159.47 1635.27 1942.38 1706.78 904.362 1429.93 2367.47 2218.21 682.285 1974.91 1635.17 1606.86 2535.03 2219.53 1689.74 1483.22 1297.62 1760.4 
1670.12 2508.71 2081.38 1624.52 1906.82 1318.45 1165.68 1012.25 953.328 1406.85 1803.64 1911.95 1944.88 2267.14 1860.54 1945.55 2006.3 1285.82 1539.19 2128.14 2239.41 1454.95 1671.1 1811.3 1931.21 1431.09 2020.97 1469.28 1893.3 1301.35 1393.46 1895.04 1868.24 1140.97 1587.11 1916.56 1689.7 842.287 1400.3 2300.72 2159.44 639.332 1918.51 1576.21 1502.24 2476.52 2193.62 1669.47 1397.1 1265.11 1701.22 
1637.07 2506.52 1993.73 1623.87 1902.92 1308.56 1090 1010.25 952.107 1402.41 1795.82 1903.7 1895.89 2210.61 1859.8 1936.16 2005.35 1258.41 1483.44 2113.55 2238.09 1349.05 1618.1 1806.76 1930.22 1388.3 1999.12 1468.76 1891.68 1300.34 1388.18 1884.43 1863.06 1140.09 1582.18 1866.27 1688.87 838.448 1399.34 2297.71 2155.94 638.044 1895.46 1555.75 1434.05 2474.44 2192.66 1668.18 1360.58 1262.94 1692.82 
1632.85 2505.82 1973.74 1623.49 1901.96 1242.28 1086.74 1009.65 951.472 1401.39 1794.26 1900.69 1891.76 2193.95 1859.33 1861.93 2005.05 1252.33 1459.47 2111.72 2237.13 1335.61 1600.51 1806.02 1929.76 1364.13 1990.71 1468.48 1891.01 1300.09 1384.5 1882.38 1861.61 1139.63 1581.19 1850.52 1688.6 837.32 1399.08 2296.62 2155.32 637.272 1842.32 1553.24 1430.63 2473.85 2192.25 1626.19 1353.01 1261.92 1688.21 
1631.99 2505.65 1971.82 1623.26 1901.51 1234.88 1083.5 1009.1 951.113 1400.78 1793.55 1900.06 1890.81 2147.55 1858.65 1850.2 2004.92 1250.06 1446.21 2109.03 2236.61 1332.83 1599.27 1805.45 1864.69 1363.36 1933.77 1468.36 1890.71 1299.65 1341.52 1877.82 1860.9 1139.14 1580.29 1845.66 1688.46 836.77 1398.77 2295.85 2155.14 636.872 1833.91 1552.52 1429.32 2473.57 2192.03 1623.5 1351.13 1261.53 1534.49 
