2.05492e+06 1.56355e+06 1.94553e+06 1.88617e+06 2.90533e+06 1.81041e+06 2.09985e+06 1.25722e+06 1.44099e+06 3.42467e+06 1.94478e+06 714479 2.14248e+06 2.55603e+06 1.33269e+06 1.59391e+06 2.72925e+06 2.67109e+06 2.42456e+06 2.02785e+06 2.85062e+06 1.99763e+06 2.00114e+06 2.62785e+06 2.20301e+06 3.05625e+06 1.88665e+06 1.48299e+06 1.15769e+06 3.63742e+06 2.12023e+06 1.20441e+06 849576 523904 1.62059e+06 716032 2.24483e+06 2.03375e+06 2.47844e+06 2.73069e+06 722786 1.64516e+06 2.62352e+06 2.50639e+06 1.53512e+06 1.88223e+06 2.33071e+06 2.04978e+06 2.5497e+06 2.57655e+06 2.62249e+06 
632832 1.04803e+06 494513 668331 954544 666901 602573 884159 597243 541918 282962 714479 878730 799111 405626 594244 410640 658624 593161 810020 1.11953e+06 824826 924103 620861 862434 524563 724433 867725 710613 775743 911331 587505 401993 523904 1.18103e+06 716032 598750 786520 576999 787296 593327 423151 971594 849345 541072 849523 607434 485168 439767 1.00242e+06 608303 
430973 396769 349871 558472 525613 614357 285402 496136 346703 217661 282962 336892 324976 308793 405626 397149 296470 379946 330062 196271 457456 329284 493145 379909 380299 371993 203984 224710 477523 504198 376123 490519 354361 300765 282138 322504 477782 328377 328778 407474 402213 408983 325585 463550 507436 215280 496880 299789 364305 565546 167729 
161089 121502 128466 144743 153621 136433 155453 153259 141933 104305 136334 164517 94738.9 100476 150531 158984 123613 146118 172774 89718.2 128290 147100 93288.5 154974 133320 144135 162972 133937 86623.2 172191 147118 170838 149800 148123 114970 112431 117958 146796 120315 133003 162508 165837 79967.6 105703 116032 134665 161700 141060 114288 178067 115910 
5203.65 4462.6 4861.84 9074.9 6545.03 5484.8 5869.6 4931.24 5291.18 5148.33 4954.5 6903.04 5549.72 5108.99 5397.07 7135.67 6919.4 6674 5920.63 5397.45 5738.61 7103.67 5047.31 6143.01 7035.46 6326.99 5678.32 5711.94 6163.8 5912.39 4725.28 6240.52 5089.25 5607.86 4220.16 5941.95 5566.59 6250.48 6239.04 5222.66 4852 6137.05 5880.98 6674.09 6431.85 4772.65 5204.96 5606.21 6718.52 4718.67 5644.73 
408.827 477.541 439.751 492.573 457.597 444.655 437.051 496.82 437.867 486.059 411.521 445.061 482.599 498.835 458.541 459.817 456.984 434.432 561.516 449.319 458.218 484.523 409.492 508.88 461.303 473.075 507.909 492.799 481.334 442.212 448.297 452.64 513.191 467.969 393.746 474.26 437.497 465.301 507.475 458.449 420.821 417.126 494.395 507.165 516.758 527.068 459.297 473.826 502.671 453.77 502.407 
339.797 375.798 317.671 367.905 314.352 320.997 326.982 392.149 331.386 373.702 331.967 326.69 292.963 349.733 340.945 340.609 345.872 294.841 376.806 308.729 339.927 355.282 319.71 346.414 365.798 332.198 348.362 361.735 358.76 299.617 313.345 342.745 387.957 341.01 289.211 322.542 316.392 353.814 379.601 323.668 319.512 284.335 362.734 356.999 379.285 327.702 351.288 354.081 402.843 318.365 320.124 
308.044 242.817 206.015 286.692 221.457 278.665 266.291 278.607 250.804 221.177 162.322 272.588 234.494 182.672 245.593 255.177 204.812 135.746 303.931 163.05 282.711 272.586 197.967 258.567 308.983 183.057 246.195 294.377 298.327 162.899 242.08 174.384 303.351 228.883 131.049 169.062 241.486 283.046 243.855 224.409 185.55 139.85 298.021 197.375 329.225 165.877 244.871 305.021 236.26 148.974 180.01 
134.698 151.759 133.604 203.743 134.242 134.044 148.866 182.885 159.266 156.272 130.899 193.73 119.211 153.77 131.062 131.904 153.57 120.775 165.174 142.987 147.938 133.466 139.307 150.239 169.58 163.22 150.292 158.782 197.602 148.804 97.5025 131.334 189.857 128.052 119.442 138.182 138.461 156.66 190.401 135.812 121.258 111.122 181.724 177.409 173.406 136.5 155.035 157.097 177.645 118.791 166.345 
103.533 141.362 103.676 170.32 98.1915 98.0162 129.368 165.458 129.27 145.216 101.4 110.177 93.1388 148.005 96.9326 109.932 143.15 105.943 141.641 119.037 129.998 110.519 111.653 116.746 148.844 133.965 110.16 147.863 134.923 114.518 75.7861 106.518 155.769 109.525 109.983 127.821 102.954 131.472 166.874 119.364 88.5214 92.3617 108.794 153.973 148.707 103.399 132.239 128.77 166.857 86.1151 148.12 
68.3779 116.912 90.8494 113.433 87.8009 59.4537 95.3908 136.578 105.073 108.279 81.3566 80.8261 74.7084 115.762 81.727 95.6634 97.6718 75.8386 95.3025 100.337 101.347 83.8475 83.8347 75.9369 114.482 126.575 88.2336 121.277 122.635 104.508 49.6227 80.5953 118.907 73.1259 83.4637 82.0612 85.1147 97.7722 119.08 78.7967 67.165 69.7749 73.7575 116.704 114.823 79.1225 113.726 89.9851 121.884 65.3244 126.017 
65.671 114.46 90.2675 109.216 87.2092 48.6909 91.2948 134.529 104.173 88.785 80.0526 70.3257 73.736 111.478 74.9507 94.6524 90.6476 67.8223 85.6816 99.5048 95.3832 81.6012 82.4115 73.7429 109.381 126.097 87.1965 99.9401 92.2603 103.655 47.5373 79.4331 88.8905 68.2524 81.4169 75.9133 83.7783 96.0732 117.004 67.4587 66.2738 68.1905 71.811 108.807 110.388 78.0201 112.41 87.7126 117.501 63.5573 123.959 
65.2148 113.911 89.9454 108.64 86.6417 47.6617 90.631 134.134 103.7 88.1312 79.4374 69.7677 73.2291 110.017 74.3628 94.3972 89.5767 66.679 84.1345 98.9195 94.8835 80.959 81.6425 72.9229 108.832 125.82 86.8517 98.4126 91.3447 103.23 47.1319 79.084 88.1322 67.4559 81.1809 75.1707 83.2609 95.8108 116.435 66.3519 65.873 67.5538 71.2222 108.208 109.169 77.5628 112.104 87.3056 116.666 63.197 123.483 
64.893 113.719 89.7805 108.159 86.1293 46.3988 90.2724 133.966 103.561 87.8379 79.0774 69.1681 72.9252 109.124 74.1798 94.0854 89.0437 66.1931 83.2914 98.6639 94.3946 80.5207 81.1429 72.4359 108.007 125.711 86.5043 97.634 90.6457 103.111 46.847 78.71 87.7879 66.7277 80.7837 74.8188 82.9447 95.5351 115.208 65.7832 65.6145 67.3948 70.7452 107.91 108.615 77.3061 111.868 87.128 115.81 62.9087 123.12 
