10.6772 7.56 11.4548 11.3851 11.6528 11.1582 9.35453 10.7013 11.4143 8.04713 9.08314 10.6282 9.55856 9.01543 10.5314 10.2176 12.5602 9.02703 10.7914 9.91896 7.84008 12.0215 11.4137 10.694 6.71859 9.61869 11.9241 10.5263 12.0098 11.1316 10.6046 11.6488 9.23477 11.4525 10.5483 8.73792 5.22141 7.6697 10.8696 12.8706 10.5388 12.4031 10.4671 12.8861 10.2376 10.1833 9.78385 12.7916 11.2679 8.99529 8.75631 
7.52018 7.56 7.88019 5.29463 6.91639 7.35095 7.42952 6.77286 7.8643 6.57305 6.98745 5.03537 6.02045 6.35169 7.2041 6.27836 8.46174 6.58381 5.54616 6.987 7.20304 7.73458 8.24083 7.07337 6.62286 5.54318 7.11557 6.26917 6.75275 7.40295 6.43469 6.31035 6.37341 4.79362 7.5313 6.74525 4.74802 6.10563 6.52699 5.03294 6.55389 8.09681 7.12078 6.09803 6.94226 7.27002 5.71403 7.15171 7.35781 7.89195 7.87074 
6.88561 4.53078 5.3068 5.03996 6.90731 5.07978 5.56574 5.39587 6.38255 6.21113 4.08128 5.03537 4.15771 5.25542 5.70793 3.88064 6.23043 5.01367 5.54616 4.72499 4.13723 5.75586 5.18947 5.39571 4.86599 5.54318 4.93531 5.2227 4.60393 3.47416 6.10532 4.12754 4.42517 3.35277 5.61541 5.88134 4.74802 5.04399 5.98609 5.03294 5.95926 4.36818 6.21293 4.73725 5.07773 5.65291 5.71403 5.97644 5.93918 6.32392 5.32294 
3.8838 4.08414 3.2946 3.41555 4.37164 3.20892 3.09616 3.1266 4.05406 3.75281 3.64746 3.7623 3.84638 3.57764 3.68784 2.97756 3.88876 4.00202 4.22293 3.45452 3.97131 4.27717 3.89715 4.59894 3.80018 3.8385 2.77619 3.71328 4.39668 3.23685 3.99532 3.22084 3.60975 3.35277 4.01469 4.46858 4.1068 3.23456 4.60097 3.5875 2.7278 3.8452 4.8322 3.47556 4.35554 3.54807 3.88685 3.95726 3.84899 4.15029 3.25707 
2.17653 2.42632 2.23713 1.96688 2.93955 2.07624 2.26262 2.00741 2.76531 2.21306 1.86342 2.33394 2.31831 2.20634 2.18094 2.09772 2.06754 2.12652 2.37856 2.07924 2.86107 2.13692 2.11341 2.1791 2.05606 1.88981 2.49132 2.08781 2.0854 2.02081 2.19169 1.87924 1.81759 2.0611 2.506 2.02995 2.19996 2.00071 2.11062 1.99288 2.29702 2.33638 2.52614 2.15737 2.6255 2.42148 2.16448 2.02342 2.08454 3.00893 2.65415 
1.56385 1.68959 1.31642 1.33401 1.90591 1.71354 1.44875 1.39785 1.61837 1.47414 1.35341 0.942048 1.37437 1.05493 1.46143 1.60402 1.57566 1.68783 1.37479 1.57196 1.89795 1.73545 1.4486 1.44179 1.74437 1.49863 1.9029 1.22683 1.40758 1.43309 1.62138 1.6253 1.27024 1.63388 1.89914 1.58768 1.35597 1.54391 1.70426 1.38608 1.3649 1.4206 1.5194 1.69467 1.57154 1.80713 1.64796 1.49176 1.667 1.88162 1.5813 
0.795667 0.845571 1.3001 0.699635 1.61317 0.749125 1.11442 1.314 0.96421 0.979309 0.706215 0.513565 0.917592 1.05493 1.22133 1.23274 0.887346 0.871359 0.635317 1.364 1.68834 1.46842 0.957788 0.815886 1.23582 1.28015 1.46083 1.05453 1.25226 1.112 1.45842 1.21404 0.898604 1.55437 1.27126 1.55956 0.951974 1.00678 1.27367 1.08927 0.640841 0.933614 0.95438 1.5478 1.04641 1.6759 1.15716 0.988242 1.34102 1.42952 1.28449 
0.795667 0.845571 0.404659 0.612132 1.24981 0.609768 0.738222 1.15758 0.652593 0.645309 0.671339 0.512605 0.78348 0.730958 0.559925 1.15537 0.588627 0.779152 0.629768 0.729978 1.57444 0.5644 0.572362 0.549204 1.00604 0.900483 1.32264 1.02668 0.460056 0.670255 1.0298 0.635712 0.455738 0.930839 1.03877 1.12932 0.582579 0.778634 1.17561 1.08927 0.550376 0.701635 0.894511 1.50622 0.535656 0.750185 0.623758 0.581131 0.788977 1.16236 1.06618 
0.338897 0.318355 0.376533 0.329479 0.910534 0.513253 0.444001 0.787099 0.374792 0.506984 0.440218 0.276099 0.468451 0.568842 0.531653 1.04232 0.395715 0.425688 0.340686 0.659955 1.18287 0.382599 0.357538 0.293533 0.687089 0.425084 1.18998 0.562663 0.40798 0.416503 0.596929 0.600083 0.438945 0.471522 0.398786 1.0566 0.350126 0.224019 1.10059 0.55931 0.349167 0.266625 0.458031 1.19819 0.315314 0.484235 0.428533 0.377559 0.308553 0.746743 0.431651 
0.245881 0.178507 0.165468 0.241818 0.588743 0.260898 0.259131 0.302197 0.159309 0.379313 0.238807 0.164562 0.320303 0.32064 0.335811 1.03455 0.232497 0.247551 0.152297 0.364764 0.781587 0.295422 0.238541 0.181037 0.572285 0.231312 1.13315 0.392677 0.245135 0.20557 0.352891 0.249546 0.231587 0.137909 0.364994 0.636335 0.165965 0.176692 1.06663 0.292743 0.175568 0.186519 0.285254 1.02529 0.246693 0.319497 0.198778 0.247222 0.230592 0.353436 0.191227 
0.0935356 0.080561 0.118976 0.0970692 0.478427 0.197315 0.131089 0.155527 0.11724 0.254679 0.0943774 0.158163 0.159375 0.12831 0.185565 1.0153 0.190147 0.0791305 0.0627654 0.1855 0.189797 0.0742575 0.0793698 0.0701692 0.160231 0.106648 1.06292 0.22165 0.154062 0.149969 0.204709 0.231659 0.139015 0.0657608 0.256718 0.265776 0.128453 0.108112 1.03788 0.221471 0.078404 0.120092 0.182303 1.00408 0.0668494 0.0544444 0.0906912 0.0966608 0.148459 0.247354 0.143849 
0.0730644 0.0529275 0.0645205 0.0588365 0.446523 0.178766 0.0872371 0.0991424 0.0666934 0.24322 0.0594024 0.101557 0.136141 0.110869 0.122688 1.01183 0.181742 0.0605764 0.0490295 0.143018 0.102307 0.0620134 0.0680535 0.04076 0.0959403 0.0702507 1.04135 0.165684 0.123324 0.147105 0.175639 0.0579917 0.137244 0.0341592 0.202854 0.0549073 0.0940841 0.0360267 1.02578 0.13512 0.0581862 0.0736023 0.171285 0.998975 0.0588047 0.0469225 0.0587981 0.0724723 0.0695689 0.1551 0.0796514 
0.0268279 0.0365438 0.0390124 0.0194885 0.0393966 0.0291477 0.0366032 0.0390124 0.036572 0.0291637 0.00102864 0.0587319 0.0365759 0.036675 0.0194318 0.160856 0.0366114 0.0194318 0.0365438 0.0374032 0.0940287 0.0194318 0.0196931 0.0194318 0.0365847 0.0390124 1.01594 0.0368402 0.0291557 0.00739619 0.0270144 0.0268279 0.00739956 0.00739604 0.0818442 0.0293667 0.0268279 0.000128576 1.00956 0.0744482 0.0291477 0.019432 0.0366567 0.998483 0.0390124 0.0194318 0.0390124 0.0365438 0.0291798 0.0268279 0.0390445 
0.0268279 0.0365438 0.0390124 0.0194883 0.0390124 0.0291477 0.0365438 0.0390124 0.036572 0.0291637 0.00102864 0.0587319 0.0365759 0.0365438 0.0194318 0.143357 0.0366114 0.0194318 0.0365438 0.0365764 0.0940287 0.0194318 0.0196931 0.0194318 0.0365438 0.0390124 1.01594 0.0368374 0.0291556 0.00739604 0.0269745 0.0268279 0.00739955 0.00739604 0.0818442 0.0291477 0.0268279 0.000128575 1.00886 0.0744482 0.0291477 0.0194318 0.0366567 0.998483 0.0390124 0.0194318 0.0390124 0.0365438 0.0291798 0.0268279 0.0390445 
