0.189008
0.108271
0.105263
0.103445
0.103869
0.103484
0.103126
0.103373
0.103163
0.103846
0.103721
0.103748
0.105148
0.105607
0.106253
0.107238
0.107882
0.10741
0.109121
0.108918
0.109339
0.110687
0.111098
0.111093
0.111911
0.110215
0.10951
0.108982
0.108115
0.106164
0.104806
0.102983
0.101481
0.0995289
0.0972468
0.0958259
0.094368
0.0921315
0.0910335
0.0896927
0.0870658
0.0850695
0.0827281
0.0804816
0.0783759
0.076205
0.0748803
0.0716472
0.0695599
0.0676134
0.0655636
0.0634946
0.0617844
0.0601923
0.0584157
0.0565945
0.0552116
0.0537687
0.0524997
0.0512058
0.0499014
0.0482951
0.0467763
0.0453077
0.0439941
0.0428117
0.0411478
0.0395163
0.0378633
0.0358562
0.0337305
0.0315839
0.029632
0.027686
0.0257602
0.0240425
0.0220805
0.0202492
0.0186768
0.0168988
0.0149383
0.0131637
0.0115775
0.0102513
0.00901012
0.00769144
0.00653021
0.00532545
0.00406901
0.00276104
0.00150146
1.63141e-07
6.8206e-11
3.48993e-11
4.96044e-12
4.96044e-12
4.96044e-12
4.96044e-12
4.96044e-12
4.96044e-12
4.96044e-12
