0.189177
0.292873
0.294374
0.292576
0.289769
0.286844
0.283952
0.280802
0.277345
0.274322
0.271226
0.26786
0.26461
0.261262
0.258112
0.254813
0.251524
0.248358
0.245102
0.241925
0.238754
0.2356
0.232476
0.229374
0.226347
0.22343
0.220477
0.217685
0.214934
0.21215
0.209692
0.207047
0.204545
0.202009
0.199399
0.196791
0.19423
0.191611
0.189056
0.186373
0.183816
0.181135
0.178478
0.175845
0.173351
0.170909
0.168369
0.165986
0.16338
0.160669
0.157996
0.155122
0.152194
0.149428
0.146314
0.143262
0.140039
0.136513
0.132792
0.128737
0.124565
0.120419
0.116235
0.111378
0.106898
0.102674
0.0980513
0.0937868
0.0904339
0.0868258
0.0835324
0.0799118
0.0761839
0.0726246
0.0687926
0.0649185
0.0613593
0.0574008
0.0531555
0.0487879
0.0444241
0.0401487
0.0362116
0.0315783
0.027393
0.0235053
0.0195125
0.0156018
0.011492
0.0072114
0.00352023
5.56118e-08
2.41491e-09
4.66818e-10
4.1846e-10
3.27948e-10
2.88003e-10
3.59883e-10
5.07384e-10
1.86195e-10
1.21195e-09
