0.189177
0.270751
0.271444
0.272621
0.272329
0.272388
0.272141
0.270609
0.269848
0.268306
0.266755
0.264712
0.262645
0.260567
0.258335
0.255696
0.252918
0.250461
0.247683
0.244687
0.241481
0.238739
0.234988
0.231924
0.228434
0.225117
0.221923
0.218543
0.215054
0.211767
0.208085
0.204746
0.201471
0.198036
0.194716
0.191486
0.188277
0.184965
0.181609
0.178345
0.174883
0.171524
0.16822
0.164764
0.161526
0.158172
0.154769
0.151278
0.147689
0.144456
0.141208
0.137671
0.134443
0.130897
0.127317
0.124127
0.120719
0.117334
0.113829
0.110497
0.106914
0.103509
0.100054
0.096834
0.0933162
0.0899386
0.0864483
0.0831512
0.0796297
0.0762476
0.0729006
0.0694192
0.0660654
0.0625786
0.0590329
0.0556
0.0520614
0.0486387
0.0452756
0.041926
0.038471
0.0349685
0.0315148
0.0279806
0.0244646
0.0209658
0.0174495
0.0139312
0.0104046
0.00688553
0.00332203
3.94311e-09
3.10027e-11
3.10027e-11
3.10027e-11
3.10027e-11
3.10027e-11
3.10027e-11
3.10027e-11
3.10027e-11
3.10027e-11
