0.192813
0.233511
0.232713
0.232619
0.232331
0.231058
0.230768
0.229586
0.228358
0.225996
0.224296
0.224011
0.222534
0.220767
0.219044
0.217494
0.215747
0.213358
0.212019
0.209589
0.206984
0.205397
0.201998
0.200385
0.197207
0.194341
0.192261
0.188908
0.185123
0.182444
0.179003
0.177004
0.174185
0.171078
0.168424
0.165871
0.16319
0.16017
0.158634
0.155879
0.153216
0.150133
0.147923
0.145035
0.143226
0.140885
0.138268
0.135572
0.132685
0.130194
0.127985
0.124866
0.123076
0.119885
0.117176
0.114538
0.111759
0.109093
0.106056
0.103214
0.0999694
0.0977364
0.094544
0.091872
0.0892895
0.0867249
0.0834862
0.0805335
0.0774454
0.0751642
0.0721526
0.0691459
0.0669292
0.063687
0.0608959
0.0584279
0.0555239
0.052215
0.0494655
0.0463266
0.0434302
0.0398255
0.0364549
0.0331019
0.0295211
0.0257662
0.0217758
0.0177528
0.0135616
0.00924154
0.00468197
2.90549e-07
3.05243e-10
1.91153e-10
1.71197e-10
1.76095e-10
1.53774e-10
1.87318e-10
1.92217e-10
1.56254e-10
1.9381e-10
