0.192813
0.24068
0.238767
0.236341
0.234207
0.231175
0.229251
0.226811
0.22394
0.221302
0.219186
0.216975
0.214708
0.212259
0.208873
0.208164
0.205017
0.20289
0.200368
0.19862
0.19637
0.194131
0.192193
0.189578
0.187865
0.185985
0.183653
0.181599
0.180036
0.178951
0.177715
0.175804
0.174495
0.173737
0.172564
0.171607
0.169769
0.169463
0.168138
0.166855
0.165722
0.165057
0.163739
0.162551
0.161585
0.160463
0.159248
0.158364
0.15757
0.156327
0.154958
0.153246
0.152456
0.15074
0.149515
0.147786
0.145514
0.14366
0.141793
0.138282
0.134863
0.1311
0.127494
0.123021
0.118866
0.114534
0.109802
0.106679
0.103519
0.101181
0.0974088
0.0943587
0.0910117
0.0871926
0.0844724
0.0813993
0.0794897
0.0770785
0.0742398
0.0708488
0.0677382
0.0639789
0.0583242
0.0526032
0.0496408
0.0461862
0.0430131
0.0369185
0.0261015
0.0132149
0.00591496
3.95199e-06
1.41132e-07
2.7515e-08
2.71712e-08
1.44504e-08
1.64734e-08
3.69874e-08
2.95841e-08
1.37611e-08
6.26984e-08
