21.3284 21.3099 21.2983 21.3452 21.296 21.2119 21.3158 21.2296 21.2154 21.2463 21.3051 21.1984 21.1345 21.2713 21.2934 21.2944 21.3219 21.3086 21.3149 21.3563 21.2988 21.2888 21.355 21.2317 21.2681 21.2929 21.2597 21.3101 21.2978 21.2506 21.3215 21.25 21.2901 21.3029 21.3129 21.3045 21.3269 21.29 21.2297 21.3182 21.2919 21.3068 21.2722 21.2467 21.2402 21.3321 21.3054 21.2478 21.3327 21.2751 21.293 
21.2391 21.3099 21.2489 21.2254 21.2148 21.2119 21.3053 21.2296 21.2154 21.2463 21.2265 21.1984 21.1345 21.2713 21.2079 21.2363 21.2641 21.2979 21.2777 21.3058 21.2539 21.2865 21.2545 21.2317 21.2681 21.2929 21.2597 21.3039 21.2978 21.2506 21.2459 21.249 21.2661 21.3029 21.3048 21.2815 21.3269 21.29 21.2297 21.1908 21.2919 21.3068 21.2538 21.2467 21.2249 21.2974 21.2628 21.2478 21.2202 21.2751 21.293 
21.2391 21.2831 21.2489 21.2254 21.2148 21.2119 21.2691 21.2296 21.2154 21.2201 21.2265 21.1984 21.1345 21.2713 21.1996 21.2363 21.2641 21.2979 21.2639 21.2918 21.2539 21.2865 21.2545 21.2156 21.2543 21.2929 21.1866 21.2963 21.2978 21.2506 21.2459 21.249 21.2661 21.2744 21.3048 21.2815 21.3019 21.29 21.2297 21.1908 21.2467 21.2735 21.2538 21.2049 21.2249 21.2974 21.2628 21.2478 21.2202 21.2356 21.2643 
21.2391 21.2476 21.1022 21.2254 21.2148 21.2046 21.2272 21.2296 21.2154 21.2201 21.2265 21.1984 21.1345 21.241 21.1784 21.2363 21.2641 21.2518 21.2639 21.2787 21.2539 21.2778 21.2545 21.1841 21.2543 21.2762 21.1866 21.2943 21.2618 21.2506 21.2459 21.249 21.2661 21.2744 21.2197 21.2683 21.2531 21.29 21.2297 21.1908 21.2371 21.1695 21.2538 21.2049 21.2167 21.2699 21.1703 21.2478 21.1886 21.2111 21.2643 
21.1566 21.1364 21.1022 21.1704 21.2148 21.2042 21.2272 21.2296 21.2128 21.2201 21.2253 21.1984 21.1345 21.241 21.1784 21.2363 21.2641 21.2518 21.2639 21.2594 21.2113 21.2749 21.1903 21.1841 21.2353 21.2621 21.1866 21.2584 21.2618 21.2353 21.2459 21.249 21.2539 21.2463 21.2197 21.2299 21.2029 21.2341 21.2297 21.141 21.2371 21.1695 21.2538 21.2049 21.2167 21.2044 21.1703 21.1732 21.1886 21.2111 21.2079 
21.1566 21.1364 21.1022 21.1704 21.2042 21.2042 21.1877 21.2296 21.2128 21.2201 21.2184 21.1571 21.1119 21.241 21.1784 21.1791 21.229 21.1632 21.2589 21.2045 21.1966 21.1393 21.1903 21.1841 21.1491 21.2101 21.1866 21.2175 21.1717 21.1597 21.2019 21.249 21.2229 21.2463 21.2 21.2299 21.1825 21.1849 21.1301 21.141 21.1961 21.1695 21.1861 21.1871 21.2167 21.2044 21.1703 21.0947 21.1886 21.2069 21.2079 
21.1566 21.1364 21.1022 21.1704 21.2042 21.1232 21.1832 21.1911 21.1886 21.1704 21.2184 21.1571 21.1119 21.221 21.1784 21.1791 21.229 21.1632 21.2303 21.2045 21.1948 21.1393 21.1903 21.1841 21.1491 21.1991 21.1866 21.1546 21.1717 21.1597 21.2019 21.2315 21.2229 21.2034 21.1644 21.1947 21.1825 21.1849 21.1301 21.141 21.1961 21.1695 21.1572 21.1871 21.2064 21.2044 21.1703 21.0947 21.1886 21.2036 21.1727 
21.1566 21.1364 21.1022 21.1704 21.1998 21.1232 21.1832 21.1911 21.1658 21.1704 21.1198 21.1571 21.1119 21.2184 21.1784 21.1791 21.229 21.1632 21.2303 21.1999 21.1948 21.1393 21.1826 21.1841 21.1491 21.1991 21.1661 21.1546 21.1717 21.1597 21.2019 21.2315 21.2229 21.1548 21.0671 21.1947 21.1825 21.1785 21.1301 21.141 21.1961 21.1372 21.1572 21.1871 21.1769 21.2044 21.1703 21.0947 21.1886 21.2036 21.1727 
21.1566 21.1364 21.1022 21.1704 21.1998 21.1232 21.1103 21.1829 21.1616 21.1704 21.098 21.1571 21.1119 21.1639 21.1408 21.1791 21.2262 21.1632 21.2004 21.1999 21.1853 21.1393 21.1826 21.1841 21.1491 21.1991 21.1661 21.1546 21.171 21.1597 21.2019 21.2116 21.2065 21.1548 21.0671 21.1947 21.1825 21.1288 21.1301 21.141 21.1961 21.1372 21.1572 21.1871 21.1769 21.2044 21.1216 21.0947 21.1886 21.1975 21.1727 
21.1491 21.1364 21.1022 21.1704 21.195 21.1232 21.1103 21.1829 21.1149 21.1704 21.0773 21.1571 21.1119 21.1639 21.1408 21.1791 21.1286 21.1632 21.2004 21.1793 21.1853 21.1393 21.1315 21.1841 21.1491 21.1685 21.1661 21.0892 21.171 21.1597 21.152 21.2116 21.2065 21.1548 21.0671 21.1721 21.1825 21.0924 21.1301 21.141 21.1823 21.1372 21.1572 21.1386 21.1612 21.1773 21.1216 21.0947 21.1886 21.1975 21.1727 
21.1491 21.1123 21.1022 21.1704 21.195 21.1232 21.1103 21.1226 21.1149 21.1704 21.0773 21.1571 21.1119 21.1639 21.1408 21.1791 21.1286 21.1277 21.2004 21.1793 21.1853 21.1393 21.1315 21.1841 21.1491 21.1685 21.1661 21.0892 21.171 21.1221 21.152 21.2116 21.2026 21.1548 21.0671 21.167 21.1825 21.0924 21.1301 21.141 21.1364 21.1372 21.1572 21.1386 21.1612 21.1255 21.1216 21.0947 21.1886 21.1289 21.1727 
21.1491 21.1069 21.1022 21.1563 21.195 21.1232 21.1103 21.1226 21.1149 21.1704 21.0773 21.1571 21.1119 21.1639 21.1408 21.1779 21.1286 21.1277 21.1478 21.1584 21.1853 21.1393 21.1262 21.1841 21.1491 21.1685 21.1661 21.0892 21.1232 21.1221 21.152 21.2116 21.2026 21.1548 21.0671 21.167 21.1695 21.0924 21.1301 21.141 21.1364 21.1372 21.1572 21.1386 21.1612 21.1255 21.1216 21.0947 21.1886 21.1289 21.1727 
21.1491 21.1069 21.1022 21.1563 21.1143 21.1232 20.9521 20.8119 21.1149 21.1704 20.84 21.1571 21.1119 21.1639 20.6761 20.8312 20.848 21.1277 21.1478 20.8536 21.1853 20.9144 21.0715 21.1309 21.1228 21.1685 20.7929 21.0892 20.797 21.1221 21.0886 20.6806 20.7848 21.1271 21.0671 21.1412 21.1338 21.0606 21.1301 21.141 21.0906 20.7586 21.1572 21.1386 20.7377 21.1255 20.9491 21.0947 21.1434 21.1289 21.1727 
20 20.2173 20.2415 20.096 20.058 20.3037 20.0038 20 21.0962 20 20 20.0001 20.3868 20.0344 20.4241 20 20 20 20.0056 20.0262 20.3037 20 20.0035 20.4653 20.0138 20 20 20.2366 20 20 20 20 20 20 20.0001 20.0708 20.1891 20 20.598 20 20 20 20.1782 20 20 20.0708 20 20.0181 20 20.042 20.0143 
