2.46399e+11 2.53805e+11 1.98726e+11 2.49798e+11 2.58398e+11 2.55847e+11 2.45727e+11 2.39371e+11 2.38938e+11 2.47018e+11 2.46677e+11 2.59747e+11 2.3132e+11 2.60668e+11 2.29986e+11 2.17763e+11 2.18133e+11 2.63475e+11 2.42257e+11 2.58987e+11 2.58426e+11 2.72501e+11 2.5293e+11 2.55815e+11 2.25816e+11 2.23092e+11 2.28724e+11 2.63916e+11 2.60124e+11 2.22982e+11 2.59725e+11 2.3512e+11 2.44773e+11 2.30944e+11 2.36385e+11 2.37378e+11 2.60165e+11 2.49381e+11 2.6699e+11 2.52516e+11 2.79164e+11 2.28995e+11 2.31252e+11 2.40971e+11 2.29955e+11 2.21462e+11 2.68228e+11 1.988e+11 2.03471e+11 2.48473e+11 2.37417e+11 
1.24239e+11 1.18235e+11 1.13082e+11 1.054e+11 1.05171e+11 1.21857e+11 1.21092e+11 1.20066e+11 1.06437e+11 9.8834e+10 1.11116e+11 1.19156e+11 1.22187e+11 1.31005e+11 1.18579e+11 1.12096e+11 1.03343e+11 1.2198e+11 9.20374e+10 1.17798e+11 1.19221e+11 1.27363e+11 1.08384e+11 9.41702e+10 1.02079e+11 1.12314e+11 1.14232e+11 1.13693e+11 1.22587e+11 1.06526e+11 1.18063e+11 9.44525e+10 1.15817e+11 1.03096e+11 1.14449e+11 1.1753e+11 1.0592e+11 1.18299e+11 1.31055e+11 1.13873e+11 1.12726e+11 1.18785e+11 1.18385e+11 1.06186e+11 1.13781e+11 1.07799e+11 1.25538e+11 1.0999e+11 1.13714e+11 1.19402e+11 1.15395e+11 
5.71392e+10 5.62741e+10 4.68148e+10 5.59552e+10 5.82034e+10 5.55795e+10 4.90071e+10 5.81565e+10 4.2116e+10 5.76124e+10 5.20319e+10 5.57065e+10 5.69488e+10 5.81503e+10 5.89328e+10 5.40124e+10 5.2034e+10 5.33234e+10 4.80362e+10 6.13041e+10 4.65223e+10 5.80476e+10 5.82353e+10 5.0306e+10 5.47142e+10 5.57937e+10 5.46719e+10 5.4805e+10 5.62662e+10 5.51333e+10 4.16469e+10 4.91946e+10 5.35286e+10 6.13519e+10 5.5819e+10 5.34989e+10 5.76312e+10 5.89e+10 5.77686e+10 6.12915e+10 5.90933e+10 5.53942e+10 5.44475e+10 6.03525e+10 5.8715e+10 5.31785e+10 5.32404e+10 6.11943e+10 5.3736e+10 5.37728e+10 5.15327e+10 
1.17558e+10 1.32182e+10 1.31493e+10 1.22558e+10 1.32893e+10 1.29513e+10 1.15823e+10 1.22511e+10 1.10475e+10 1.36897e+10 1.20679e+10 1.42266e+10 1.28734e+10 1.46344e+10 1.17961e+10 1.10789e+10 9.29189e+09 1.16892e+10 1.28101e+10 1.25908e+10 1.27188e+10 1.21055e+10 1.40344e+10 1.28031e+10 1.25929e+10 1.10849e+10 1.15924e+10 1.21048e+10 1.29543e+10 9.36132e+09 1.23542e+10 1.25286e+10 1.31513e+10 1.09789e+10 1.241e+10 1.34896e+10 1.25507e+10 1.44962e+10 1.39209e+10 1.26522e+10 1.28598e+10 1.41846e+10 1.19212e+10 9.94964e+09 1.17884e+10 1.33021e+10 1.11485e+10 1.31681e+10 1.35261e+10 1.15511e+10 1.33613e+10 
1.68799e+08 1.774e+08 1.74703e+08 1.95143e+08 1.67723e+08 1.87385e+08 1.46941e+08 2.25325e+08 1.63366e+08 1.91831e+08 1.94144e+08 2.24201e+08 2.45044e+08 1.70877e+08 1.87079e+08 1.51278e+08 1.71362e+08 2.14275e+08 2.17493e+08 1.99358e+08 1.82165e+08 2.15633e+08 2.01464e+08 1.80298e+08 1.97312e+08 1.75096e+08 2.20566e+08 1.93329e+08 1.77019e+08 1.86017e+08 1.7622e+08 1.74931e+08 1.87818e+08 1.58096e+08 1.76275e+08 1.62598e+08 1.67622e+08 1.85471e+08 2.05747e+08 2.46052e+08 2.06638e+08 1.94676e+08 2.00092e+08 1.91752e+08 1.67225e+08 1.50562e+08 1.37436e+08 2.15834e+08 1.78694e+08 1.83239e+08 1.89835e+08 
21771.4 63826 17829.8 18796.8 26756.2 38935.2 31508.2 31204.2 29059.8 48099.8 23027.4 39478.3 50811.1 15986.2 32591.9 38290.7 37060.4 38100.9 43073 22775.8 25755.8 25135.5 24626.9 58683.9 24706.8 36488.1 35824.9 52026.3 28904.9 26393.7 39149.2 33372.5 23423.7 23397.8 14227.9 24678.7 31869.2 69288.9 54228.2 32246.5 23895.5 55443.2 31354.4 24863.9 39160.9 32197.4 38994.3 28173.5 33284.6 33443.3 42378 
7304.64 40635.6 2984.73 3811.33 9530.18 18353.9 11084.9 9609.81 7985.78 24448.6 1063.87 14922 21239.9 4856.22 16365.5 23031.6 22041.9 20000.5 21675.2 64.4927 6263.82 5036.47 5881.26 40942.6 3900.78 19816 8932.37 28734.6 11701.8 8768.06 10893.3 14361.9 5192.99 3614.47 1335.41 6515.13 14438.9 47980.7 37934.6 7825.57 12132.7 29141.3 6978.54 5591.22 24829.9 1216.74 25903.6 12854.2 16605.6 17030.4 21192.9 
6456.17 21355.9 2851.47 3274.6 7157.02 16178.2 8410.02 7535.44 6478.08 12774.6 1046.55 7508.77 16098.9 3553.71 8733.88 12343 7248.44 10597 15993.1 63.2177 4592.76 4782.57 5842.09 12250.2 3205.56 12343.3 8193.04 12585.3 9681.7 8168.86 7310.59 11034.8 4680.27 3462.5 1312.77 5990.87 7724.86 23049.8 18430.9 6943.69 8053.7 15170.7 6084.11 4722.26 12151.4 1196.43 10477.4 8000.52 10272 14618.4 16867.2 
17.813 56.7608 10.242 17.2372 22.247 44.3819 24.3818 13.9054 13.3983 24.8125 7.29596 27.8486 47.8952 10.7531 19.0392 39.2668 10.9292 25.8547 39.9962 1.90295 12.4379 26.154 61.1716 18.6162 8.6911 24.5456 25.216 18.8534 17.9548 34.598 13.3743 23.3395 12.7797 14.118 11.397 28.4882 12.6808 57.7624 44.5304 24.0222 21.1499 22.3252 17.5577 14.4781 24.6373 11.017 16.3739 11.8359 16.8482 64.144 32.936 
0.0165661 0.0771698 0.0152446 0.0199106 0.0227177 0.041061 0.023708 0.0090908 0.00895638 0.0303961 0.0037406 0.0388727 0.031042 0.00709084 0.0155236 0.0354713 0.0103087 0.0245563 0.0399357 0.00291058 0.00568626 0.0100424 0.0910461 0.0147634 0.00957982 0.0224078 0.0297052 0.0200813 0.0215767 0.0355957 0.0130029 0.0109288 0.00774898 0.00895872 0.0126405 0.015211 0.0169494 0.0792777 0.0677276 0.0237229 0.0199676 0.0181476 0.0188394 0.0299177 0.0171452 0.0150894 0.0151581 0.013843 0.00710649 0.0437283 0.0348338 
7.58071e-06 2.71864e-05 5.83963e-06 7.24426e-06 8.06647e-06 1.82288e-05 1.19275e-05 5.78538e-06 3.44175e-06 2.46562e-05 9.15557e-07 1.74156e-05 9.66117e-06 4.93553e-06 1.41398e-05 1.9788e-05 6.51306e-06 1.45085e-05 1.5016e-05 1.24183e-06 5.8427e-06 5.74091e-06 2.99578e-05 1.22007e-05 3.61093e-06 8.22093e-06 7.23728e-06 9.34502e-06 7.16361e-06 2.14218e-05 8.96664e-06 2.83283e-06 6.18473e-06 3.10044e-06 9.6839e-06 1.44508e-05 1.15027e-05 3.74693e-05 5.66665e-05 8.55599e-06 1.21161e-05 1.43704e-05 1.269e-05 1.03282e-05 5.0813e-06 3.99013e-06 6.65317e-06 4.66782e-06 1.89576e-06 2.57107e-05 2.11636e-05 
0 3.6507e-08 0 0 0 1.53368e-08 0 0 0 1.489e-08 0 1.15183e-08 0 0 0 0 0 0 1.12425e-08 0 0 0 0 0 0 0 0 0 0 1.82004e-08 1.09063e-08 0 0 0 0 0 0 2.05327e-08 2.98036e-08 0 0 0 0 0 1.27571e-08 0 0 0 0 0 0 
0 0 0 0 0 0 0 0 0 0 0 0 0 0 0 0 0 0 0 0 0 0 0 0 0 0 0 0 0 0 0 0 0 0 0 0 0 0 0 0 0 0 0 0 0 0 0 0 0 0 0 
0 0 0 0 0 0 0 0 0 0 0 0 0 0 0 0 0 0 0 0 0 0 0 0 0 0 0 0 0 0 0 0 0 0 0 0 0 0 0 0 0 0 0 0 0 0 0 0 0 0 0 
