3.38395e+07 5.22218e+07 2.38093e+07 5.19722e+07 2.01197e+07 4.09717e+07 4.62784e+07 2.04643e+07 4.20285e+07 2.33268e+07 2.27505e+07 2.81043e+07 3.7029e+07 5.27451e+07 2.57649e+07 3.0803e+07 4.7828e+07 2.32291e+07 3.34849e+07 5.15322e+07 4.52444e+07 3.51911e+07 5.53598e+07 3.23132e+07 2.91693e+07 5.92615e+07 1.75994e+07 4.41066e+07 3.97434e+07 3.58461e+07 4.03033e+07 1.50869e+07 3.34877e+07 2.54538e+07 1.95258e+07 4.76331e+07 6.221e+07 4.52229e+07 3.05804e+07 4.8015e+07 6.0413e+07 4.94874e+07 5.36139e+07 4.38361e+07 1.97496e+07 2.25817e+07 3.45881e+07 2.42222e+07 5.23323e+07 5.16532e+07 2.65335e+07 
2.12602e+07 2.17086e+07 2.07982e+07 2.26546e+07 1.28218e+07 1.25985e+07 2.07148e+07 1.60053e+07 2.34726e+07 1.90028e+07 1.85902e+07 1.47257e+07 1.74712e+07 1.48153e+07 1.70247e+07 8.37751e+06 1.59923e+07 1.33554e+07 1.64501e+07 1.56302e+07 1.7512e+07 1.43863e+07 2.21997e+07 1.62629e+07 1.48853e+07 1.7975e+07 1.6713e+07 2.45478e+07 1.07227e+07 1.15545e+07 9.64903e+06 1.23995e+07 2.27062e+07 1.16974e+07 5.05516e+06 1.39352e+07 1.53342e+07 9.84351e+06 1.40027e+07 1.78523e+07 1.01088e+07 2.01994e+07 1.2265e+07 2.29265e+07 1.5328e+07 1.00099e+07 1.34994e+07 1.23187e+07 2.60728e+07 1.35586e+07 1.74057e+07 
1.19533e+07 8.9121e+06 8.00573e+06 9.82029e+06 1.096e+07 5.25514e+06 1.41668e+07 5.62016e+06 1.00127e+07 1.10561e+07 8.48927e+06 7.62194e+06 8.99584e+06 1.11591e+07 1.09044e+07 8.37751e+06 5.65791e+06 9.52578e+06 1.15568e+07 9.49818e+06 1.48668e+07 5.55447e+06 8.83986e+06 1.16023e+07 1.12364e+07 1.04179e+07 1.24459e+07 7.19717e+06 8.3467e+06 7.23376e+06 9.64903e+06 6.71112e+06 9.66997e+06 7.95349e+06 5.05516e+06 1.10401e+07 9.68869e+06 9.84351e+06 9.18698e+06 8.44208e+06 1.01088e+07 7.87666e+06 9.30238e+06 7.07147e+06 8.93819e+06 6.46556e+06 4.57059e+06 1.01662e+07 5.30494e+06 9.79762e+06 1.07168e+07 
2.10353e+06 2.34285e+06 2.81175e+06 2.7377e+06 3.55719e+06 3.05614e+06 2.4621e+06 2.29585e+06 2.25183e+06 2.64532e+06 2.90501e+06 2.46815e+06 2.24125e+06 3.47113e+06 2.38586e+06 3.07497e+06 2.4634e+06 2.27759e+06 3.06792e+06 1.86723e+06 3.29366e+06 2.30746e+06 2.92162e+06 2.98794e+06 1.80177e+06 1.60387e+06 3.46683e+06 2.18741e+06 2.42352e+06 2.82966e+06 3.10119e+06 1.76642e+06 1.6067e+06 2.06181e+06 2.12462e+06 2.92644e+06 1.67504e+06 2.96112e+06 3.34145e+06 2.50748e+06 2.55047e+06 1.69475e+06 3.66683e+06 2.60319e+06 2.74837e+06 1.84502e+06 1.55434e+06 1.98684e+06 1.19446e+06 2.97201e+06 2.25942e+06 
83899.3 101554 91043.9 82494.8 82828.8 42498.9 81905.6 77147.8 81525.4 76068.4 52087.8 72685.4 75993.7 62064.5 83114 56238 55248.5 74083 72607.4 80044.8 57424.6 66024.3 67947.4 73116.9 69997.1 72082.5 63962.3 88113.5 59622.7 64476.5 76146.8 57138.9 58589.9 55796.8 82222.2 67645 65154.1 91228.8 70770 63272.8 95863.2 101179 81446.7 54243 61173.1 69952.9 45446.7 87048.6 81810.2 109507 52086.5 
2491.19 2966.89 2769.83 2496.78 2937.57 2841.91 2739.31 2369.3 2654.88 2431.45 2788.71 3054.83 3098.62 2897.71 2600.77 2956.55 2876.1 2471.01 2608.3 2690.25 2806.81 2995.19 2795.72 3227.28 2649.05 2757.46 2565.98 2853.51 3147.46 2714.55 2879.8 2879.82 2911.08 3129.3 2208.87 2180.79 2662.93 3048.29 3127 3020.12 2780.56 2447.56 2891.94 2534.5 2444.49 2287.48 2564.57 2559.2 2092.75 3069.98 2659.58 
1820.68 2501.01 2238.81 1334.92 2030.92 2221.21 1961.16 1794.1 1855.78 1666.8 1920.06 2032.5 1921.43 2123.89 1841.2 1828.75 1996.15 1367.44 1882.62 1873.89 1485.41 2257.39 1760.61 2015.17 1670.98 2157 2031.72 1972.11 2324.11 1536.46 2077.88 2111.02 2161.72 2153.13 1132.01 1552.06 1612.61 2331.2 2362.47 2011.6 2019.34 1793.47 2055.82 1795.7 2174.61 1535.69 1682.95 1850.59 1632.12 2125.9 1468.47 
1268.35 1995.07 1956.72 1155.28 1464.94 1893.7 1418.47 1089.46 1786.27 1155.13 1388.6 1522.8 1293.27 1524.63 1203.05 1654.88 1124.46 976.496 1202.79 1619.99 925.88 1583.83 1686.61 1784.46 702.073 1796.17 1672.14 1464.19 1914.56 952.668 1430.24 1519.31 1904.67 1863.61 790.16 1161.43 1129.33 1754.37 1821.7 1758.47 1674.45 1478.65 1556.46 1245.27 1787.55 1144.26 1076.76 1138.55 1086 1526.07 1120.35 
770.035 1384.39 1666.28 731.383 1274.2 1217.95 1007.6 846.632 1419.54 812.575 1044.47 1236.73 743.685 1248.27 1013.12 1296.99 910.976 728.237 832.144 1197.11 705.777 1089.57 1210.37 1101.08 526.396 1435.33 1124.67 926.437 1139.17 670.882 1090.66 1192.62 1354.94 1168.51 640.781 964.012 959.031 1329.61 1491.22 1318.31 967.552 963.944 1122.91 796.754 1471.58 715.173 871.512 598.292 782.341 1459.4 694.755 
674.234 1167.43 1310.77 549.399 1026.39 1147.66 599.616 619.472 789.523 520.148 979.779 1044.44 388.448 834.615 782.424 1047.95 794.545 712.433 540.996 1093.4 580.704 827.302 982.264 391.271 244.925 1299.36 930.067 863.515 1127.34 578.265 789.973 1089.17 1023.71 937.869 519.509 752.102 746.765 846.892 1272.71 1014.68 813.797 832.72 752.194 400.128 1111.4 514.59 704.326 265.534 553.17 1136.82 632.748 
521.185 1062.44 1235.85 249.903 803.412 957.531 413.935 393.678 437.739 384.567 717.905 833.233 382.08 683.155 509.948 650.662 558.429 564.544 308.203 963.761 354.055 502.315 824.298 370.069 243.807 1105.77 897.26 526.878 1048.98 303.322 602.274 836.262 796.999 513.922 424.814 302.676 280.667 790.743 1028.71 618.27 499.979 473.432 466.077 386.562 642.456 366.448 494.279 256.413 361.557 818.069 377.021 
259.529 963.603 1020.04 248.698 518.465 588.197 252.332 386.977 435.864 384.356 491.329 549.306 381.928 603.079 360.2 642.386 367.078 531.315 248.661 799.583 267.854 493.672 395.895 369.99 243.7 982.539 556.208 374.825 980.742 248.673 371.964 823.359 410.368 497.69 384.127 267.405 257.355 475.669 887.966 478.787 369.526 378.597 265.597 386.373 622.13 365.954 362.718 256.242 252.645 743.474 375.256 
257.568 525.502 622.14 248.553 517.258 492.118 251.518 386.798 435.63 384.316 489.22 481.985 381.887 248.091 359.127 642.144 366.463 251.088 248.316 609.576 267.45 493.537 365.747 369.973 243.671 513.117 262.134 374.196 332.217 248.383 371.037 250.572 264.826 497.181 383.697 266.202 257.069 388.542 527.715 478.316 369.058 377.955 264.89 386.353 621.945 365.88 362.385 256.133 252.026 263.615 375.16 
256.917 519.163 506.248 248.519 517.189 489.354 251.474 386.773 435.324 384.253 489.135 481.26 381.844 244.196 359.015 642.104 366.36 245.905 248.199 607.775 267.253 493.504 364.051 369.921 243.634 499.851 261.145 374.126 273.808 248.329 370.675 248.657 263.359 497.075 383.569 265.576 256.739 388.065 524.374 478.224 368.969 377.586 264.611 386.327 621.784 365.848 362.337 256.123 251.989 249.285 374.999 
