2.04268e+09 4.26203e+09 3.05302e+09 3.99126e+09 3.77902e+09 3.87621e+09 3.25046e+09 3.0106e+09 3.34013e+09 3.8805e+09 4.1107e+09 1.9598e+09 3.75757e+09 3.33632e+09 4.6199e+09 2.70184e+09 2.99742e+09 2.37313e+09 3.93574e+09 3.74308e+09 3.61736e+09 3.58685e+09 2.85083e+09 3.68493e+09 3.90629e+09 2.98164e+09 4.83376e+09 3.9444e+09 3.51353e+09 3.34831e+09 3.69937e+09 3.36607e+09 2.91056e+09 4.37723e+09 2.74339e+09 3.3487e+09 3.94889e+09 3.59414e+09 3.53765e+09 3.00771e+09 4.30178e+09 3.34861e+09 3.62771e+09 3.83241e+09 2.66874e+09 3.51032e+09 3.41404e+09 2.7375e+09 2.20198e+09 4.82609e+09 3.82815e+09 
1.00426e+09 9.39497e+08 1.12232e+09 9.84137e+08 9.37718e+08 9.71555e+08 8.74901e+08 7.32722e+08 9.44639e+08 8.99836e+08 7.84071e+08 1.34174e+09 8.99061e+08 8.61195e+08 1.2118e+09 8.86274e+08 7.45335e+08 7.17814e+08 9.76194e+08 1.24525e+09 9.78872e+08 7.40341e+08 8.60303e+08 1.26679e+09 8.42376e+08 1.25022e+09 1.03925e+09 7.66648e+08 1.21871e+09 8.49863e+08 1.2806e+09 1.12559e+09 8.52636e+08 1.02827e+09 5.71889e+08 5.91014e+08 7.02377e+08 7.83305e+08 7.76835e+08 4.95415e+08 1.02374e+09 7.88799e+08 7.53479e+08 1.10949e+09 8.34779e+08 1.03477e+09 8.801e+08 7.3513e+08 7.73255e+08 1.24622e+09 9.91792e+08 
3.63897e+08 3.04679e+08 4.49895e+08 2.13121e+08 3.04329e+08 5.11099e+08 1.39633e+08 3.03992e+08 4.28018e+08 3.18388e+08 3.75169e+08 3.84214e+08 3.2902e+08 4.14507e+08 2.32231e+08 3.15779e+08 2.81893e+08 3.79933e+08 2.16945e+08 2.21021e+08 4.00844e+08 4.85873e+08 3.22932e+08 4.39645e+08 3.42792e+08 4.36329e+08 3.79198e+08 3.10845e+08 2.93798e+08 2.40961e+08 4.48881e+08 3.84446e+08 3.3837e+08 2.94046e+08 4.06672e+08 4.19172e+08 3.5234e+08 3.48811e+08 3.93123e+08 3.54275e+08 3.80339e+08 3.91891e+08 4.51033e+08 3.67277e+08 2.54583e+08 3.05761e+08 2.37384e+08 4.16665e+08 2.75312e+08 3.08917e+08 2.36531e+08 
5.4673e+07 6.55774e+07 6.13148e+07 4.63557e+07 3.55224e+07 3.38331e+07 4.85873e+07 4.23501e+07 5.95338e+07 5.46952e+07 4.2643e+07 4.48139e+07 5.4067e+07 5.80409e+07 4.28968e+07 6.2551e+07 6.17824e+07 2.82823e+07 4.42345e+07 4.64874e+07 6.43905e+07 5.38814e+07 7.79737e+07 4.5145e+07 6.42376e+07 5.60236e+07 4.75698e+07 3.86579e+07 4.34339e+07 5.06127e+07 5.15837e+07 6.82731e+07 4.33386e+07 3.96198e+07 5.9963e+07 4.10364e+07 5.9239e+07 5.72987e+07 6.50271e+07 5.21392e+07 5.31487e+07 5.24114e+07 4.80723e+07 6.3288e+07 4.16499e+07 6.20491e+07 5.83107e+07 5.566e+07 5.42313e+07 5.28697e+07 6.54191e+07 
582633 841362 665425 765945 760733 826274 428660 851858 511023 541184 584688 927892 786736 658889 468492 612514 542996 735685 616914 511692 384579 702322 591540 951569 912600 719596 496387 812756 842496 691378 970037 717793 707260 570272 754368 881980 693446 845149 602286 523330 811801 586510 887880 674708 837870 785554 497599 982297 882989 625050 419281 
495.486 509.704 526.324 473.938 513.628 589.876 434.27 567.861 447.08 527.923 466.605 411.151 480.355 479.218 534.538 413.627 491.86 539.101 501.977 445.622 457.888 528.843 499.062 403.159 475.843 459.809 465.96 521.763 487.246 530.017 472.46 439.336 529.268 483.614 550.14 537.932 496.214 485.201 533.786 413.615 488.84 477.176 560.504 473.954 469.244 461.481 468.717 527.88 529.127 520.423 454.814 
134.64 177.316 194.8 200.163 156.182 181.213 160.001 171.65 168.335 195.523 156.514 178.539 177.929 222.925 172.217 139.798 173.77 191.161 174.115 179.626 208.942 192.745 158.258 163.106 170.868 135.829 156.53 189.532 190.68 170.706 185.107 229.742 122.3 187.577 238.524 208.805 194.522 196.234 183.325 166.471 181.546 161.984 201.814 164.682 166.577 176.466 158.708 171.306 169.621 149.345 185.232 
112.387 141.634 138.626 143.339 117.937 142.306 115.118 140.86 103.491 148.775 141.778 118.02 123.135 146.744 154.748 112.419 139.292 149.821 136.387 137.086 145.776 151.512 120.117 120.69 128.458 120.473 124.497 146.365 144.063 126.943 140.122 192.526 106.633 143.67 171.189 152.921 154.892 147.697 114.05 115.834 142.712 117.723 161.853 139.556 106.346 106.858 130.189 141.12 107.136 115.301 149.546 
74.0313 97.8355 74.8718 97.626 80.7803 103.374 38.1532 100.122 79.7308 103.786 62.4556 63.0449 58.0251 42.9723 111.453 80.1743 83.781 118.842 109.171 82.4735 67.1059 99.5229 101.055 62.0607 92.6567 41.9011 95.3017 61.8167 63.1072 82.3081 108.242 127.859 70.8426 116.999 150.6 123.833 89.7678 103.319 101.766 100.689 95.3185 81.5504 108.231 106.554 28.3659 48.2948 88.1425 102.913 32.7144 77.8854 108.937 
25.8714 46.5358 31.4079 48.3907 39.9004 54.9205 31.198 20.9935 41.4162 43.0156 27.3823 43.2009 24.4329 41.1362 62.6407 20.8103 25.4828 97.8855 71.0603 26.5132 51.2734 41.7824 33.5662 15.4548 41.678 20.3619 71.3553 27.2303 23.4292 64.0946 76.7456 49.3407 54.3382 61.0403 100.633 93.9964 29.7384 27.7702 82.6407 74.0124 26.8535 49.4687 70.456 36.3033 27.2093 31.4208 80.6289 43.5473 31.2434 26.8497 39.1107 
25.2881 25.5503 31.2292 48.1535 29.3253 22.5592 31.1102 18.3441 27.322 41.2481 27.2253 43.0878 24.2592 41.0706 40.6447 20.2228 24.3103 81.4431 23.5275 26.2401 51.1478 41.1733 25.2691 15.1513 30.3158 20.2607 20.3807 27.0801 23.2769 13.9229 29.4533 48.3151 11.9995 41.2031 63.1898 41.1611 28.271 27.2709 25.6448 27.734 21.8599 21.5097 28.3118 25.3021 27.1821 31.2234 18.1407 24.2934 31.1604 26.1867 33.3067 
25.2476 25.3665 31.1575 48.1268 29.2498 22.4029 31.097 18.2051 27.2898 41.1867 27.1872 43.0683 24.2254 41.0553 40.5617 20.1992 24.2609 45.4898 22.36 26.2326 51.1239 41.0993 25.2362 15.1184 30.2397 20.2441 20.194 27.046 23.2587 13.5341 29.2189 48.1934 9.52416 41.1257 63.0526 34.6055 28.1986 27.1578 25.2738 26.3339 21.8013 21.31 28.2008 25.2599 27.1687 31.1381 17.2566 24.2411 31.1507 26.1547 33.1654 
25.2269 25.3334 31.1457 48.1166 29.2354 22.3519 31.0929 18.1914 27.2822 41.1584 27.1775 43.0603 24.2123 41.0471 40.5362 20.1917 24.2439 45.2349 22.3156 26.2255 51.1108 41.0778 25.2134 15.1151 30.2382 20.2386 20.1534 27.0336 23.2536 13.4363 29.1888 48.171 9.44021 41.1023 62.9948 34.3025 28.184 27.1217 25.2423 26.3253 21.7785 21.2743 28.1652 25.218 27.1588 31.1216 17.2371 24.2333 31.1394 26.1474 33.1336 
25.199 25.3044 31.1258 48.0998 29.2141 22.2987 31.0778 18.1761 27.2522 41.1257 27.1486 43.0385 24.1816 41.0414 40.52 20.1785 24.2267 45.2248 22.2905 26.2242 51.0689 41.0694 25.1768 15.102 30.2219 20.2122 20.1341 27.0133 23.2364 13.403 29.1674 48.1403 9.43239 41.0823 62.9705 34.2161 28.1548 27.0771 25.216 26.3052 21.7581 21.2669 28.1296 25.183 27.1407 31.0804 17.1949 24.2242 31.0929 26.1374 33.1196 
