2222.51 2430.79 2822.42 1900.25 2508.38 2331.67 2205.42 2144.2 2456.83 2240.03 2623.65 2289.5 2597.9 2547.58 2001.13 2257.91 2049.3 2333.94 2244.14 2574.78 2042.32 2307.69 1907.07 2255.79 2415.66 2260.81 2333.12 2610.81 2393.22 2497.17 2381.06 2116 2260.77 2013.32 2539.07 2100.79 2424.53 2481.68 2499.27 2508.22 2618.19 2184.85 2403.38 2424.79 2423.92 2244.38 2621.32 2253.28 2244.25 2227.74 2369.99 
1333.59 1394.21 1520.4 1273.66 1240.94 1405.06 1317.95 1404.03 1410.44 1549.49 1525.3 1367.84 1388.57 1408.04 1506.4 1495.3 1415.87 1429.55 1329.73 1334.22 1339.68 1283.59 1269.73 1425.58 1365.43 1107.33 1399.38 1362.47 1194.24 1401.04 1339.03 1368.05 1456.86 1462.99 1418.81 1233.9 1413.49 1390.5 1510.79 1204.17 1356.72 1272.47 1405.35 1417.63 1425.86 1347.11 1463.05 1312.31 1425.89 1466.64 1340.07 
955.999 941.815 945.579 857.043 848.108 1016.93 948.083 927.304 992.605 987.901 944.617 928.068 963.071 938.922 950.858 957.081 930.962 959.443 893.046 852.886 927.866 899.691 955.446 928.965 931.443 977.191 945.682 860.247 863.401 1000.37 919.774 923.568 941.191 934.741 971.959 916.839 975.168 950.372 933.503 921.216 974.434 891.338 851.213 969.726 952.497 960.445 925.824 911.737 982.052 1000.77 972.897 
564.674 568.527 585.325 557.506 569.188 562.212 602.159 585.288 573.361 583.109 572.072 564.891 557.007 554.102 578.515 571.331 566.341 566.113 548.545 568.07 570.932 530.931 569.289 560.289 566.329 573.057 573.413 582.373 566.032 553.024 583.271 557.671 582.302 555.414 577.144 580.175 586.073 569.428 572.239 542.556 574.13 548.172 565.467 575.933 539.7 583.089 557.997 594.749 580.926 580.764 584.338 
366.756 370.07 366.708 363.893 362.424 365.109 365.405 367.312 367.624 366.818 369.139 362.454 365.107 365.826 366.3 365.845 367.005 365.451 363.729 366.545 364.787 367.243 361.961 361.96 364.588 362.665 368.478 368.361 363.667 362.545 367.658 363.166 363.44 365.12 365.322 364.937 366.412 367.168 362.758 364.228 369.026 365.168 366.123 366.3 364.664 363.736 363.865 365.941 365.981 369.747 364.685 
348.427 348.373 348.432 348.374 348.372 348.459 348.382 348.328 348.376 348.381 348.401 348.351 348.35 348.385 348.344 348.379 348.413 348.396 348.409 348.327 348.335 348.493 348.373 348.308 348.355 348.372 348.351 348.431 348.44 348.338 348.334 348.368 348.388 348.383 348.405 348.414 348.399 348.449 348.389 348.351 348.476 348.481 348.499 348.372 348.398 348.361 348.382 348.341 348.429 348.356 348.349 
348.236 348.235 348.236 348.236 348.235 348.236 348.235 348.235 348.235 348.235 348.236 348.235 348.235 348.235 348.235 348.235 348.235 348.235 348.235 348.235 348.235 348.236 348.235 348.235 348.235 348.235 348.235 348.236 348.235 348.235 348.235 348.235 348.236 348.235 348.236 348.236 348.235 348.236 348.235 348.235 348.236 348.236 348.237 348.235 348.235 348.235 348.236 348.235 348.236 348.235 348.235 
348.235 348.235 348.235 348.235 348.235 348.235 348.235 348.235 348.235 348.235 348.235 348.235 348.235 348.235 348.235 348.235 348.235 348.235 348.235 348.235 348.235 348.235 348.235 348.235 348.235 348.235 348.235 348.235 348.235 348.235 348.235 348.235 348.235 348.235 348.235 348.235 348.235 348.235 348.235 348.235 348.235 348.235 348.235 348.235 348.235 348.235 348.235 348.235 348.235 348.235 348.235 
348.235 348.235 348.235 348.235 348.235 348.235 348.235 348.235 348.235 348.235 348.235 348.235 348.235 348.235 348.235 348.235 348.235 348.235 348.235 348.235 348.235 348.235 348.235 348.235 348.235 348.235 348.235 348.235 348.235 348.235 348.235 348.235 348.235 348.235 348.235 348.235 348.235 348.235 348.235 348.235 348.235 348.235 348.235 348.235 348.235 348.235 348.235 348.235 348.235 348.235 348.235 
348.235 348.235 348.235 348.235 348.235 348.235 348.235 348.235 348.235 348.235 348.235 348.235 348.235 348.235 348.235 348.235 348.235 348.235 348.235 348.235 348.235 348.235 348.235 348.235 348.235 348.235 348.235 348.235 348.235 348.235 348.235 348.235 348.235 348.235 348.235 348.235 348.235 348.235 348.235 348.235 348.235 348.235 348.235 348.235 348.235 348.235 348.235 348.235 348.235 348.235 348.235 
348.235 348.235 348.235 348.235 348.235 348.235 348.235 348.235 348.235 348.235 348.235 348.235 348.235 348.235 348.235 348.235 348.235 348.235 348.235 348.235 348.235 348.235 348.235 348.235 348.235 348.235 348.235 348.235 348.235 348.235 348.235 348.235 348.235 348.235 348.235 348.235 348.235 348.235 348.235 348.235 348.235 348.235 348.235 348.235 348.235 348.235 348.235 348.235 348.235 348.235 348.235 
348.235 348.235 348.235 348.235 348.235 348.235 348.235 348.235 348.235 348.235 348.235 348.235 348.235 348.235 348.235 348.235 348.235 348.235 348.235 348.235 348.235 348.235 348.235 348.235 348.235 348.235 348.235 348.235 348.235 348.235 348.235 348.235 348.235 348.235 348.235 348.235 348.235 348.235 348.235 348.235 348.235 348.235 348.235 348.235 348.235 348.235 348.235 348.235 348.235 348.235 348.235 
348.235 348.235 348.235 348.235 348.235 348.235 348.235 348.235 348.235 348.235 348.235 348.235 348.235 348.235 348.235 348.235 348.235 348.235 348.235 348.235 348.235 348.235 348.235 348.235 348.235 348.235 348.235 348.235 348.235 348.235 348.235 348.235 348.235 348.235 348.235 348.235 348.235 348.235 348.235 348.235 348.235 348.235 348.235 348.235 348.235 348.235 348.235 348.235 348.235 348.235 348.235 
348.235 348.235 348.235 348.235 348.235 348.235 348.235 348.235 348.235 348.235 348.235 348.235 348.235 348.235 348.235 348.235 348.235 348.235 348.235 348.235 348.235 348.235 348.235 348.235 348.235 348.235 348.235 348.235 348.235 348.235 348.235 348.235 348.235 348.235 348.235 348.235 348.235 348.235 348.235 348.235 348.235 348.235 348.235 348.235 348.235 348.235 348.235 348.235 348.235 348.235 348.235 
