72.6056 76.6359 73.7305 72.7658 70.2792 76.1451 74.1048 75.2157 75.1952 74.5548 76.3898 70.3429 76.1644 76.7115 77.7714 76.6868 73.7862 74.4595 72.8147 69.1856 72.8995 73.8791 73.8804 74.9998 75.0095 74.829 76.4049 75.2422 73.6566 73.6436 76.0012 74.7809 74.3724 73.3866 71.5964 73.3972 75.5426 74.146 75.7402 76.7668 73.3317 72.5716 75.0722 72.7348 75.2273 75.4445 74.5402 73.6093 72.431 72.7394 73.6744 
70.6592 69.5923 72.711 70.3094 70.2792 71.0972 71.4044 69.4901 71.6932 71.3271 70.1049 70.3429 71.9749 71.5015 67.8496 71.0949 70.6346 70.3094 71.4281 69.1856 71.3125 72.978 72.7083 71.3759 71.1257 70.8513 68.9309 70.6445 70.7701 71.2365 69.3737 70.2435 72.8149 69.9682 66.1877 70.9907 70.22 71.5674 68.1007 71.1276 69.4903 68.69 69.5616 70.3527 69.9137 70.8674 71.8503 69.8381 66.4749 69.7319 68.463 
68.1055 68.1659 66.026 66.5948 67.8559 68.9259 67.8164 64.9882 69.37 65.0208 67.445 70.0367 67.7938 68.9878 65.131 63.669 68.8233 69.3977 67.5815 67.1985 64.1716 69.5305 67.3005 70.8457 66.4002 66.1533 68.9309 67.3959 67.2165 67.1037 65.1445 70.2435 67.7308 68.6993 66.1877 69.4722 68.8259 68.0239 67.1568 67.1673 69.3111 68.69 67.7741 66.9663 68.6035 67.9593 69.4784 62.8548 66.4749 68.9459 68.3456 
59.5224 63.0672 60.0118 59.7287 62.5093 61.7291 62.1954 63.4725 61.5944 62.699 61.2171 59.5548 57.8929 62.228 60.2669 63.4494 56.5121 61.3039 63.8596 58.9753 62.5275 63.0609 59.0629 64.1878 63.2806 59.5917 61.7807 61.2247 61.5005 62.7723 60.2379 63.5869 60.9377 63.7815 59.8761 63.3061 61.2766 64.358 58.4584 55.7866 61.8844 61.2507 63.7498 62.0061 60.4461 56.3114 61.7564 62.8548 62.2456 62.7215 59.1949 
33.908 36.2983 36.7454 30.1306 37.8184 36.9275 38.4821 42.4377 38.9769 38.1039 35.6095 37.4996 31.8028 33.414 29.053 48.8133 36.9408 34.4783 41.9419 33.5385 36.1962 42.9193 35.5298 39.3252 40.331 36.1175 35.1633 39.0363 36.9052 31.3298 30.8981 40.4399 36.1444 36.4106 31.6841 34.0835 38.8034 41.8069 37.5841 31.3689 37.7933 31.9097 33.4387 36.3052 33.2366 30.5118 34.2347 33.9823 37.5765 29.407 34.5134 
2.55099 2.56359 3.15737 2.33876 3.69675 3.13228 2.76892 3.71277 2.80782 2.82605 2.69443 2.94521 3.6324 2.24347 2.00256 4.76952 2.74373 2.84485 3.30947 2.48134 2.79944 4.70054 2.29063 3.24947 4.88631 2.81467 2.61068 3.46176 3.84266 2.36306 2.24144 3.6281 2.90507 2.98615 2.18849 2.99059 3.26461 3.43305 4.90704 2.6215 2.61535 2.04058 2.30083 2.73326 2.90205 2.07735 2.71444 2.71657 3.0711 2.43645 2.42946 
0.139394 0.117382 0.132953 0.099744 0.181197 0.116638 0.125234 0.158076 0.123376 0.119805 0.118155 0.142347 0.235433 0.0744547 0.0858083 0.240461 0.123278 0.125316 0.178817 0.11791 0.123694 1.16346 0.149924 0.161021 0.250599 0.125575 0.137353 0.152791 0.705561 0.113972 0.0964088 0.1693 0.153848 0.135815 0.111104 0.141205 0.175081 0.165869 1.6412 0.139507 0.0985579 0.08952 0.102693 0.112799 0.119403 0.149592 0.117186 0.117443 0.127115 0.103867 0.111951 
0.00401828 0.0034895 0.00359073 0.0035248 0.0105211 0.0035968 0.0042774 0.00504244 0.0106306 0.00420304 0.00539808 0.00472522 0.00682643 0.00313737 0.00229355 0.00616354 0.00363374 0.0029022 0.00635822 0.0051232 0.00432455 0.989518 0.0333521 0.00690551 0.0363616 0.00537156 0.00401416 0.00661932 0.54019 0.00486953 0.00245164 0.00576263 0.0207968 0.0128299 0.00609735 0.00546247 0.00874948 0.00490479 1.50417 0.00398874 0.00318352 0.00280785 0.00312052 0.0047011 0.00540499 0.0605694 0.00436981 0.00344435 0.00979706 0.00315745 0.00827566 
0.000664418 0.000133576 3.04289e-05 0.000697799 0.00484787 0.000100723 0.000480049 3.39049e-05 0.00724776 0.000493119 0.000117198 4.97145e-05 0.000663167 0.000242224 5.51662e-06 0.000323983 2.64388e-05 4.80416e-06 7.71618e-05 0.00111232 4.66346e-05 0.981511 0.0294504 0.00101841 0.0290712 0.00105554 3.58969e-05 0.000574972 0.535553 0.000688037 2.19314e-05 8.40083e-05 0.016482 0.00828261 0.00138689 0.000500954 0.00458908 9.67924e-05 1.50007 2.69592e-05 2.33721e-05 9.53217e-06 1.14702e-05 0.000692042 0.00153156 0.0579067 0.00117067 0.000154585 0.00593831 2.20609e-05 0.00372841 
0.000641729 6.35443e-05 0 0.000684872 0.00474346 7.83981e-05 0.000458935 0 0.00722999 0.000451875 3.51453e-06 1.41209e-05 0.00054552 0.000225937 0 0.000247118 0 0 1.41209e-05 0.00104277 7.05998e-06 0.981405 0.0293908 0.000931991 0.0289397 0.00103798 0 0.000496122 0.535521 0.000630495 7.87455e-06 1.60049e-05 0.0164582 0.00822914 0.00130693 0.000451875 0.00455073 4.12461e-05 1.50004 1.41209e-05 3.51446e-06 0 7.87455e-06 0.00063676 0.0014955 0.0578917 0.00115437 0.000141533 0.00592208 7.87455e-06 0.00364324 
0.000641729 6.35443e-05 0 0.000684872 0.00474346 7.83981e-05 0.000458935 0 0.00722999 0.000451875 3.51446e-06 1.41209e-05 0.00054552 0.000225937 0 0.000247118 0 0 1.41209e-05 0.00104277 7.05998e-06 0.981405 0.0293908 0.000931991 0.0289397 0.00103798 0 0.000496122 0.535521 0.000630495 7.87455e-06 1.60049e-05 0.0164582 0.00822914 0.00130693 0.000451875 0.00455073 4.12461e-05 1.50004 1.41209e-05 3.51446e-06 0 7.87455e-06 0.00063676 0.0014955 0.0578917 0.00115437 0.000141533 0.00592208 7.87455e-06 0.00364324 
0.000641729 6.35443e-05 0 0.000684872 0.00474346 7.83981e-05 0.000458935 0 0.00722999 0.000451875 3.51446e-06 1.41209e-05 0.00054552 0.000225937 0 0.000247118 0 0 1.41209e-05 0.00104277 7.05998e-06 0.981405 0.0293908 0.000931991 0.0289397 0.00103798 0 0.000496122 0.535521 0.000630495 7.87455e-06 1.60049e-05 0.0164582 0.00822914 0.00130693 0.000451875 0.00455073 4.12461e-05 1.50004 1.41209e-05 3.51446e-06 0 7.87455e-06 0.00063676 0.0014955 0.0578917 0.00115437 0.000141533 0.00592208 7.87455e-06 0.00364324 
0.000641729 6.35443e-05 0 0.000684872 0.00474346 7.83981e-05 0.000458935 0 0.00722999 0.000451875 3.51446e-06 1.41209e-05 0.00054552 0.000225937 0 0.000247118 0 0 1.41209e-05 0.00104277 7.05998e-06 0.981405 0.0293908 0.000931991 0.0289397 0.00103798 0 0.000496122 0.535521 0.000630495 7.87455e-06 1.60049e-05 0.0164582 0.00822914 0.00130693 0.000451875 0.00455073 4.12461e-05 1.50004 1.41209e-05 3.51446e-06 0 7.87455e-06 0.00063676 0.0014955 0.0578917 0.00115437 0.000141533 0.00592208 7.87455e-06 0.00364324 
0.000641729 6.35443e-05 0 0.000684872 0.00474346 7.83981e-05 0.000458935 0 0.00722999 0.000451875 3.51446e-06 1.41209e-05 0.00054552 0.000225937 0 0.000247118 0 0 1.41209e-05 0.00104277 7.05998e-06 0.981405 0.0293908 0.000931991 0.0289397 0.00103798 0 0.000496122 0.535521 0.000630495 7.87455e-06 1.60049e-05 0.0164582 0.00822914 0.00130693 0.000451875 0.00455073 4.12461e-05 1.50004 1.41209e-05 3.51446e-06 0 7.87455e-06 0.00063676 0.0014955 0.0578917 0.00115437 0.000141533 0.00592208 7.87455e-06 0.00364324 
