703.69 659.968 708.292 684.862 690.616 682.183 677.33 651.45 654.32 703.381 711.955 700.258 646.349 661.095 645.744 668.903 679.079 679.543 664.823 648.59 671.001 653.797 635.446 649.332 704.164 664.317 659.087 650.559 640.247 682.481 689.445 640.506 703.559 663.642 685.501 696.859 633.963 662.872 677.202 653.137 734.732 651.685 674.781 660.475 660.422 716.932 693.927 623.148 643.312 656.61 618.546 
557.391 548.639 513.207 529.719 560.467 544.292 504.377 542.06 527.185 514.691 559.901 502.647 554.597 533.33 515.495 535.868 511.502 558.828 518.854 549.232 523.672 550.718 496.547 527.788 493.53 506.642 522.962 536.275 476.435 527.863 524.49 517.594 545.217 541.266 531.718 535.582 533.813 562.062 519.984 559.245 562.033 492.411 548.988 549.933 516.026 530.286 513.557 561.936 527.121 493.432 561.236 
450.836 507.464 491.454 470.61 479.54 476.966 479.08 487.236 481.897 477.738 457.697 444.897 487.201 473.736 494.253 439.656 488.084 473.573 480.75 455.332 457.736 486.515 475.859 500.055 473.868 506.642 468.107 466.231 461.557 488.351 472.874 492.82 464.949 489.226 475.874 450.682 465.11 477.826 476.051 475.977 494.56 452.394 469.815 482.921 469.765 483.77 493.893 484.217 486.513 448.786 446.295 
407.175 432.886 440.627 389.089 419.507 433.44 403.455 408.611 414.385 438.738 370.427 425.993 440.554 434.609 380.616 422.677 414.033 399.297 414.431 408.711 432.414 419.938 428.201 438.943 446.788 420.493 419.517 413.542 419.168 456.204 428.731 432.674 423.352 452.396 425.971 404.02 438.782 401.708 427.902 435.123 415.363 400.029 424.953 444.211 435.145 428.938 438.263 454.437 390.166 448.786 416.976 
384.136 382.305 390.214 381.226 348.518 384.552 388.9 352.683 378.202 387.918 370.427 366.839 379.466 350.616 373.694 373.527 370.495 373.809 357.015 392.278 381.115 353.088 383.381 319.693 379.431 370.727 385.245 388.399 395.655 374.306 398.326 376.21 356.876 383.848 365.617 341.65 362.149 401.708 386.272 370.101 354.425 394.375 381.747 358.514 384.083 382.604 371.126 379.266 370.893 380.627 367.917 
341.822 338.816 344.678 351.229 348.518 334.448 343.333 333.946 343.973 341.567 349.578 336.032 344.828 346.084 322.983 356.799 338.744 349.558 329.087 315.94 287.852 331.673 281.629 319.693 343.89 337.301 344.974 335.982 323.475 307.374 315.108 346.965 350.848 318.408 348.075 341.65 322.831 323.036 321.913 350.305 340.533 315.763 303.812 345.916 359.686 355.812 329.817 359.413 333.12 295.843 340.603 
296.862 321.825 301.801 276.132 311.724 285.124 285.5 265.288 326.46 298.458 276.041 299.965 307.533 267.497 271.815 294.608 307.296 297.213 283.021 295.133 287.852 292.131 279.305 286.932 307.42 294.767 309.422 308.096 311.764 290.248 312.474 294.368 298.477 310.919 286.262 310.611 296.144 313.079 316.007 289.977 266.527 300.882 295.236 302.264 302.488 310.189 300.733 276.611 281.046 295.843 290.865 
248.685 275.019 252.028 262.736 248.636 260.133 246.972 237.952 278.274 263.177 247.129 239.153 259.548 244.232 242.764 270.153 244.535 248.671 237.03 239.879 257.418 246.786 236.372 243.661 251.225 240.664 244.366 269.799 256.877 250.107 246.979 238.21 264.095 262.282 261.817 246.308 242.217 265.732 253.015 258.634 246.262 259.4 263.39 268.798 265.555 256.729 238.989 257.322 226.683 249.688 254.114 
226.317 238.041 205.262 204.727 202.765 212.269 229.791 222.428 221.274 228.638 227.563 217.729 224.925 217.907 214.947 214.349 214.812 229.938 236.239 218.302 232.103 200.108 219.082 216.565 215.952 214.894 234.278 239.625 229.748 205.714 229.392 211.646 229.061 224.136 219.085 217.078 227.495 221.527 220.603 238.196 188.529 219.624 237.344 228.193 231.553 220.152 219.348 180.12 225.004 216.289 236.2 
185.357 176.067 185.506 190.377 173.489 182.401 166.859 189.364 171.687 175.471 195.221 201.343 191.365 186.258 197.836 157.486 178.324 185.775 178.857 209.925 199.105 191.506 195.488 182.252 178.669 186.916 166.699 206.208 187.095 169.654 181.122 211.038 198.606 187.337 185.316 162.804 219.626 159.755 182.508 157.059 183.291 187.446 191.587 206.484 185.615 154.791 163.228 162.952 190.967 196.786 204.869 
126.688 127.543 135.461 130.534 114.395 136.121 102.63 162.634 109.877 125.575 105.113 134.483 113.332 138.562 142.565 116.825 125.318 115.354 127.994 120.552 142.419 134.772 145.307 112.392 142.87 116.661 124.273 144.268 160.676 118.478 124.909 142.451 150.792 132.954 104.949 124.43 147.248 118.053 102.076 117.822 114.426 131.859 135.225 121.24 138.092 121.283 121.782 141.639 120.914 148.306 102.467 
68.097 77.6635 68.1356 67.5009 55.0769 72.4716 65.3964 73.7093 69.8449 70.5222 60.2683 68.5736 67.1982 70.7276 85.5929 73.9814 71.8282 59.3815 68.3317 77.6916 73.7819 63.604 73.9618 53.496 74.1608 69.7227 62.1491 56.3555 76.6409 74.059 55.2452 73.4901 69.9304 62.8306 59.2295 64.6232 79.7261 71.2637 67.209 70.879 61.2937 68.7072 63.8488 61.0446 66.1557 53.428 64.7049 79.0957 55.0086 70.1459 68.7888 
32.2641 27.9098 28.958 37.016 25.8636 29.444 29.4234 32.5315 34.0227 30.1937 34.8515 27.4379 38.7023 35.4085 33.3414 32.9546 29.2321 32.5465 26.5276 36.9161 36.5755 26.6241 34.2192 32.5417 29.6425 35.0457 33.2983 34.0535 33.9416 38.2483 32.2198 36.6634 32.7859 23.9144 28.0311 29.9717 29.1697 32.488 32.3127 32.2603 29.6312 33.8217 30.9537 31.6596 32.9544 24.6013 29.5333 27.4124 31.5643 40.5317 33.9322 
8.95484 11.9395 11.9395 12.9355 9.94968 14.9248 9.94966 7.95969 13.9294 10.9446 8.95463 12.9345 11.9399 13.9294 8.95464 12.9345 8.95463 15.9194 9.94959 10.9502 15.9194 7.95972 8.95464 14.9244 9.94959 12.9345 7.95974 12.9345 11.9395 13.9334 16.9143 10.945 11.9395 5.96975 11.9395 10.9446 9.9496 8.95464 11.9396 5.96976 12.9345 12.9345 8.95485 10.9447 15.924 10.9445 11.9395 5.96975 13.9313 11.9395 11.9395 
