3978.03 5297.56 4881.1 4830.08 3941.15 4659.42 4511.82 4260.74 3223.72 3978.54 3469.08 3609.89 3955.85 5495.04 3359.16 4111.44 3620.75 3784.92 4499.32 4432.45 5196.21 2792.16 3253.53 3009.24 5057.31 3523.48 3684.76 3826.21 3169.46 4110.38 5137.92 4856.61 3994 4732.07 3828.92 4194.99 4691.77 4762.73 3269.52 3905.32 3236.71 3593.01 3777.07 3681.08 3602.31 4964.31 3321.92 4234.48 4792.69 4869.18 4645.97 
1542.19 1819.39 1606.95 1475.82 1366.05 1579.04 1667.88 1579.52 1463.07 1549.66 1424.27 1371.21 1610.94 1815.45 1469.82 1537.68 1531.63 1550.84 1586.5 1562.58 1640.56 1520.42 1503.62 1448.18 1629.72 1427.71 1602.2 1581.57 1623.46 1650.48 1676.41 1571.32 1582.79 1899.02 1526.95 1666.2 1911.24 1543.68 1497.24 1537.26 1396.3 1529.78 1522.98 1529.2 1470.98 1496.02 1521.47 1728.16 1831.47 1640.13 1634.32 
1270.69 1254.63 1261.47 1268.35 1245.15 1234.84 1273.69 1212.6 1210.68 1218.56 1221.2 1162.64 1236.47 1246.33 1220.99 1228.84 1255.74 1253.15 1213.86 1267.64 1268.72 1230.75 1225.84 1230.43 1264.95 1193.82 1225.79 1219.57 1217.9 1277.37 1206.69 1262.75 1217.54 1264.74 1208.23 1290.25 1310.68 1221.17 1202.65 1219.68 1193.63 1190.16 1259.55 1302.25 1199.12 1260.14 1261.83 1238.72 1284.76 1346.77 1238.86 
1079.61 1150.77 1130.55 1119.89 1083.03 1072.29 1090.33 1111.13 1090.15 1113.48 1118.92 1106.5 1107.95 1122.93 1117.31 1094.3 1120.01 1103.4 1081.5 1070.3 1081.69 1075.24 1125.3 1101.37 1108.84 1107.33 1098.32 1131.45 1091.73 1092.6 1148.93 1101.61 1139.59 1117.31 1076.95 1101.6 1105.68 1127.71 1104.63 1087.04 1083.02 1098.55 1084.15 1102.86 1107.82 1102.65 1133.6 1108.86 1077.78 1106.86 1088.93 
996.348 1009.41 1033.52 1019.03 978.279 1022.09 1002.63 1032.96 996.955 1026.34 999.928 991.496 1027.42 990.999 990.384 995.907 1037.52 1024.97 983.231 1009.25 1023.9 989.135 994.07 1001.93 1005.54 1046.87 1040.09 1037.58 1012.89 963.193 995.984 1005.22 993.415 996.607 987.169 1014.7 997.242 1023.29 1002.87 1030.99 1011.74 961.548 1001.38 1024.56 1035.39 1016.45 1037.97 1007.13 1008.98 1050.47 999.584 
845.632 890.545 846.261 859.482 855.822 872.334 838.715 927.972 876.166 861.434 850.774 832.361 857.845 850.136 868.53 850.941 853.976 880.856 858.068 863.969 864.071 860.982 848.541 827.891 829.466 892.083 930.108 917.166 857.891 855.623 865.714 831.624 826.063 874.061 832.189 852.391 841.481 886.819 818.741 854.984 859.425 805.518 879.554 852.096 903.724 840.421 954.012 872.331 855.515 917.761 822.136 
841.773 858.708 830.66 829.318 852.237 861.597 834.834 853.729 851.285 838.197 847.881 830.859 849.691 849.42 868.166 849.682 841.677 850.823 838.196 860.15 859.649 860.222 847.347 822.544 820.428 840.79 867.981 864.338 855.004 846.46 842.679 830.219 823.624 855.223 830.163 849.42 838.195 850.536 817.04 849.43 849.683 801.569 857.304 845.951 861.032 830.86 844.498 830.884 853.859 863.951 813.893 
841.773 858.639 830.659 829.316 852.237 861.596 834.834 853.701 851.282 838.194 847.88 830.859 849.69 849.42 868.166 849.682 841.677 850.724 838.194 860.149 859.649 860.222 847.347 822.544 820.427 840.782 867.968 864.326 855.003 846.46 842.677 830.219 823.624 855.214 830.163 849.42 838.194 850.53 817.04 849.43 849.682 801.569 857.247 845.951 861.01 830.859 841.677 830.879 853.859 863.945 813.892 
841.773 858.639 830.659 829.316 852.237 861.596 834.834 853.701 851.282 838.194 847.88 830.859 849.69 849.42 868.166 849.682 841.677 850.724 838.194 860.149 859.649 860.222 847.347 822.544 820.427 840.782 867.968 864.326 855.003 846.46 842.677 830.219 823.624 855.214 830.163 849.42 838.194 850.53 817.04 849.43 849.682 801.569 857.247 845.951 861.01 830.859 841.677 830.879 853.859 863.945 813.892 
841.773 858.639 830.659 829.316 852.237 861.596 834.834 853.701 851.282 838.194 847.88 830.859 849.69 849.42 868.166 849.682 841.677 850.724 838.194 860.149 859.649 860.222 847.347 822.544 820.427 840.782 867.968 864.326 855.003 846.46 842.677 830.219 823.624 855.214 830.163 849.42 838.194 850.53 817.04 849.43 849.682 801.569 857.247 845.951 861.01 830.859 841.677 830.879 853.859 863.945 813.892 
841.773 858.639 830.659 829.316 852.237 861.596 834.834 853.701 851.282 838.194 847.88 830.859 849.69 849.42 868.166 849.682 841.677 850.724 838.194 860.149 859.649 860.222 847.347 822.544 820.427 840.782 867.968 864.326 855.003 846.46 842.677 830.219 823.624 855.214 830.163 849.42 838.194 850.53 817.04 849.43 849.682 801.569 857.247 845.951 861.01 830.859 841.677 830.879 853.859 863.945 813.892 
841.773 858.639 830.659 829.316 852.237 861.596 834.834 853.701 851.282 838.194 847.88 830.859 849.69 849.42 868.166 849.682 841.677 850.724 838.194 860.149 859.649 860.222 847.347 822.544 820.427 840.782 867.968 864.326 855.003 846.46 842.677 830.219 823.624 855.214 830.163 849.42 838.194 850.53 817.04 849.43 849.682 801.569 857.247 845.951 861.01 830.859 841.677 830.879 853.859 863.945 813.892 
841.773 858.639 830.659 829.316 852.237 861.596 834.834 853.701 851.282 838.194 847.88 830.859 849.69 849.42 868.166 849.682 841.677 850.724 838.194 860.149 859.649 860.222 847.347 822.544 820.427 840.782 867.968 864.326 855.003 846.46 842.677 830.219 823.624 855.214 830.163 849.42 838.194 850.53 817.04 849.43 849.682 801.569 857.247 845.951 861.01 830.859 841.677 830.879 853.859 863.945 813.892 
841.773 858.639 830.659 829.316 852.237 861.596 834.834 853.701 851.282 838.194 847.88 830.859 849.69 849.42 868.166 849.682 841.677 850.724 838.194 860.149 859.649 860.222 847.347 822.544 820.427 840.782 867.968 864.326 855.003 846.46 842.677 830.219 823.624 855.214 830.163 849.42 838.194 850.53 817.04 849.43 849.682 801.569 857.247 845.951 861.01 830.859 841.677 830.879 853.859 863.945 813.892 
