102.009 88.5884 104.973 111.783 98.8824 93.7632 94.7903 91.2731 109.405 96.4542 110.798 86.1744 101.632 93.0892 102.74 90.3268 86.9675 100.478 56.1264 72.0628 94.23 77.8593 110.258 85.758 82.9788 93.7471 69.9859 128.661 68.6729 67.245 94.5194 85.9501 109.716 119.775 129.557 116.569 106.443 76.9866 100.886 90.6539 116.947 120.358 107.248 104.758 88.7974 90.5293 116.558 110.39 103.582 112.422 70.9232 
35.5492 24.8878 34.3176 28.5333 33.7804 21.6634 30.2237 23.6791 32.2062 22.4372 24.8184 32.5534 35.1386 23.6456 31.267 27.5948 39.366 32.188 32.2108 27.6338 38.0189 29.0731 30.7243 29.7427 34.6104 20.3902 25.2833 38.5073 28.977 36.7262 23.5293 28.3363 22.4434 29.3732 36.7197 29.4225 27.8886 26.7696 34.5753 30.8696 36.9113 44.1784 30.9449 25.0877 28.3996 31.3892 29.3182 32.0564 35.0179 36.7351 29.9485 
14.5339 11.7122 8.9793 12.1567 5.97855 12.1796 13.2842 12.7309 14.114 14.5729 8.71891 14.484 13.5874 11.9152 15.484 7.03394 13.7359 12.7334 13.2716 15.0626 10.6466 12.5248 13.5044 14.2471 11.4464 10.154 11.8629 15.6131 11.3569 12.8459 11.0118 13.234 7.06404 13.4938 17.1252 10.6975 13.0715 10.0019 11.2747 13.6294 16.5059 14.1793 13.3664 8.46097 10.8203 17.0959 11.9202 13.158 14.3343 13.4642 9.16913 
0.501972 0.595303 0.369709 0.645148 0.324238 0.551684 0.683566 0.552976 0.574648 0.614294 0.509252 0.389492 0.637008 0.583841 0.695798 0.337301 0.452974 0.571093 0.417541 0.648966 0.575928 0.569894 0.520932 0.536202 0.369075 0.75892 0.390724 0.478315 0.383723 0.871999 0.674652 0.581077 0.479113 0.398599 0.839031 0.483562 0.784701 0.668311 0.506182 0.746399 0.663776 0.469287 0.601562 0.552696 0.703825 0.498798 0.752591 0.748773 0.759401 0.747312 0.698133 
0.413782 0.317193 0.369709 0.4719 0.324238 0.297467 0.398634 0.429672 0.369699 0.380823 0.417077 0.315522 0.363023 0.409896 0.327296 0.318484 0.31649 0.451609 0.417541 0.29892 0.436811 0.431675 0.328496 0.391169 0.279381 0.385575 0.377762 0.42682 0.366731 0.390537 0.375446 0.400267 0.39916 0.398599 0.307753 0.28087 0.400721 0.329308 0.344739 0.360754 0.301846 0.389362 0.389583 0.419783 0.357861 0.335231 0.338392 0.359338 0.309061 0.382426 0.457834 
0.402927 0.317193 0.322464 0.411399 0.296528 0.244273 0.224706 0.294088 0.329586 0.326422 0.361488 0.315522 0.354874 0.343296 0.311064 0.318484 0.31649 0.352761 0.309145 0.228425 0.379326 0.312814 0.328496 0.349372 0.279381 0.262057 0.377762 0.313297 0.360638 0.321069 0.375446 0.330465 0.33527 0.383879 0.307753 0.28087 0.364078 0.329308 0.344739 0.360754 0.301846 0.35105 0.369046 0.359814 0.357861 0.335231 0.338392 0.359338 0.309061 0.382426 0.358133 
0.335765 0.317193 0.322464 0.362076 0.296528 0.244273 0.224706 0.294088 0.325089 0.324027 0.342938 0.315522 0.354874 0.24373 0.263261 0.318484 0.31649 0.346765 0.23535 0.228425 0.360008 0.258959 0.328496 0.309544 0.198177 0.262057 0.339175 0.313297 0.310193 0.321069 0.312652 0.330465 0.308156 0.315225 0.274138 0.268385 0.364078 0.329308 0.286656 0.34368 0.301846 0.34882 0.342812 0.359814 0.357861 0.335231 0.338392 0.282879 0.309061 0.32813 0.313585 
0.335765 0.317193 0.322464 0.331989 0.296528 0.244273 0.224706 0.294088 0.325089 0.304645 0.314891 0.315522 0.294519 0.24373 0.263261 0.242135 0.31649 0.346765 0.23535 0.228425 0.34522 0.258959 0.328496 0.309544 0.198177 0.262057 0.277718 0.313297 0.310193 0.321069 0.312652 0.324904 0.308156 0.315225 0.274138 0.268385 0.28991 0.329308 0.281553 0.294156 0.287558 0.34882 0.342812 0.359814 0.357861 0.297775 0.299599 0.248895 0.309061 0.32813 0.313585 
0.335765 0.317193 0.315898 0.331989 0.296528 0.244273 0.224706 0.294088 0.264153 0.298312 0.311652 0.293916 0.294519 0.24373 0.263261 0.242135 0.31649 0.305872 0.23535 0.228425 0.34522 0.198383 0.328496 0.309544 0.198177 0.262057 0.277718 0.313297 0.244433 0.307588 0.312652 0.324904 0.308156 0.307938 0.274138 0.268385 0.28991 0.228262 0.281553 0.294156 0.287558 0.302209 0.342812 0.359814 0.330918 0.297775 0.299599 0.201706 0.304184 0.32813 0.313585 
0.315469 0.288815 0.307937 0.310083 0.269092 0.244273 0.209362 0.294088 0.259459 0.22859 0.311652 0.291465 0.294519 0.24373 0.263261 0.242135 0.31649 0.305872 0.23535 0.228425 0.262996 0.198383 0.285634 0.309544 0.198177 0.253854 0.277718 0.294617 0.244433 0.235414 0.221794 0.308993 0.250315 0.297506 0.274138 0.186757 0.184433 0.228262 0.281553 0.261457 0.233268 0.269017 0.330471 0.359814 0.330918 0.297775 0.274762 0.201706 0.244842 0.32813 0.313585 
0.315469 0.287489 0.271872 0.27352 0.218293 0.242665 0.203054 0.245449 0.183788 0.22859 0.288311 0.279085 0.282223 0.24373 0.218795 0.242135 0.31649 0.305872 0.23535 0.163526 0.231575 0.198383 0.229236 0.302666 0.198177 0.19855 0.219066 0.294617 0.244433 0.205475 0.221794 0.262606 0.221423 0.281973 0.254643 0.165352 0.172175 0.228262 0.277401 0.246819 0.217116 0.269017 0.272336 0.350431 0.294006 0.245351 0.230386 0.172365 0.240623 0.307159 0.287156 
0.315469 0.287489 0.258756 0.258834 0.218293 0.22354 0.203054 0.218372 0.182433 0.22859 0.288311 0.218646 0.220534 0.236297 0.195802 0.242135 0.310819 0.305872 0.23535 0.160066 0.231575 0.198383 0.229236 0.280341 0.198177 0.196336 0.186032 0.273969 0.244433 0.199146 0.183817 0.246385 0.221423 0.280929 0.227592 0.165352 0.172175 0.228262 0.277401 0.230513 0.211878 0.269017 0.269974 0.348118 0.250533 0.245351 0.230386 0.172365 0.237626 0.249693 0.287156 
0.315469 0.287489 0.235623 0.256252 0.208864 0.22354 0.18962 0.204915 0.178324 0.172026 0.2485 0.215335 0.220534 0.175885 0.195802 0.242135 0.283884 0.254153 0.23535 0.153301 0.220775 0.198383 0.215754 0.250746 0.198177 0.196336 0.166033 0.201108 0.244433 0.199146 0.183817 0.246385 0.221423 0.261916 0.227592 0.164237 0.172175 0.224962 0.277401 0.221392 0.1684 0.250872 0.268579 0.298652 0.24051 0.245351 0.219444 0.163672 0.207381 0.238481 0.242102 
0.279964 0.237033 0.229702 0.250312 0.18723 0.208549 0.18557 0.197928 0.154257 0.166726 0.228554 0.207808 0.140168 0.158798 0.164606 0.19688 0.18518 0.22478 0.21065 0.137037 0.208623 0.195532 0.209109 0.215076 0.198177 0.164146 0.149586 0.185869 0.186644 0.16737 0.175249 0.203362 0.215561 0.256337 0.215175 0.149682 0.168204 0.204513 0.239831 0.200899 0.160924 0.166561 0.245594 0.245855 0.232656 0.240788 0.187997 0.128906 0.179764 0.226599 0.242102 
