50545.9 42963 53959.6 47272.2 50134.4 53952.4 65845.5 57071.8 54515.7 50914.8 63098.7 54615.4 47508.8 55875.4 62118.9 55686 57204.5 50807.5 54199.9 57229.3 56478.5 50798.9 62301.6 57630.8 52637.7 46456.6 50643.6 61208.3 47059.8 56232.1 66883.4 59699.8 62977.5 52762.9 56804.9 58147.2 47789.4 65383.6 46801.3 52867.3 57014 51111.2 55619.6 46931.2 48500.5 38506.5 48913.7 51654.9 54627.7 67405.7 46559.1 
14990.6 15371.5 19068 16454.8 15858.4 18225.6 16359.3 18147.4 17248.9 18132.4 16798 14364 15148.3 15095 21116.3 17099.8 19718.8 15879.5 18305.6 19967.5 16437.3 15037.7 19236.8 17171.7 16439.3 17249.2 14799.9 18192.8 13082.2 18534.8 18240 18857 18286.7 18277.7 12762.2 14386.7 16495.4 18052.4 17678.7 20018.9 16787.1 16047.3 15566.4 17759.4 17506.2 13476 18471.9 15864.5 17933.8 19964.4 17332.2 
6663.48 5831.69 6525.66 6569.74 6305.45 4014.04 6908.15 5565.95 6704.68 5925.95 7792.34 6180.28 5542.09 5635.51 6236.18 5394.12 6219.7 6069.84 7029.62 7115.82 5936 6352.12 5626.91 7117.41 4782.11 7160.66 5479.45 8059.94 4500.37 6432.97 7848.76 6426.86 7193.3 7071.85 6229.67 6133.25 6064.98 6194.89 6673.26 6545.86 5919.22 6352.5 5576.97 6075.37 5933.34 5671.72 6818.05 6810.67 6822.54 6844.18 6205.57 
1771.93 1665.05 1573.42 1780.82 1696.81 1661.64 1749.07 1713.62 1569.99 1779.78 1693.8 1651.86 1726.36 1559.72 1712.5 1681.79 1630.39 1481.37 1838.7 1739.28 1573.1 1719.84 1509.91 1692.68 1509.21 1708.79 1720.26 1933.4 1534.1 1508.24 1845.72 1457.85 1681.77 1551.95 1750.62 1593.25 1642.78 1681.93 1721.68 1730.01 1388.43 1776.75 1782.5 1575.06 1664.48 1597.85 1704.15 1647.5 1625.81 1568.25 1754.35 
398.702 364.542 379.895 391.657 345.031 385.148 368.154 314.549 403.842 359.392 370.044 379.231 357.588 323.201 364.346 350.116 380.93 353.666 398.887 391.795 392.921 364.921 332.136 372.624 368.821 334.302 382.238 380.173 342.572 396.862 396.459 340.241 358.284 394.833 331.414 380.672 370.659 347.001 381.82 383.684 343.843 369.326 356.51 345.643 371.135 368.04 302.845 361.753 379.639 362.607 391.762 
219.704 246.659 232.349 272.999 250.815 223.623 243.833 214.538 267.645 225.411 235.304 243.784 226.115 214.39 227.372 231.264 237.538 273.799 193.298 248.083 230.937 277.37 213.286 229.004 217.449 226.28 261.133 250.384 223.832 259.281 204.291 226.245 219.201 228.464 226.162 237.522 190.972 217.986 241.116 216.928 231.199 253.879 230.455 236.19 246.558 220.358 209.922 213.954 236.397 229.922 278.049 
207.024 208.464 208.668 203.993 183.596 215.515 209.08 170.958 214.581 204.013 218.749 201.055 206.864 207.178 207.1 205.889 221.396 216.068 185.967 215.791 208.925 255.416 204.633 214.739 207.599 203.496 223.704 191.431 155.921 206.6 200.671 206.552 210.271 178.786 216.123 207.178 185.518 207.251 208.76 208.09 209.116 190.874 216.148 208.466 223.162 213.752 172.493 207.137 223.548 204.518 246.456 
171.539 203.865 202.729 194.755 167.51 212.61 181.819 145.749 204.544 200.592 214.228 159.679 204.178 203.389 201.678 202.442 213.034 205.618 184.622 149.289 204.103 241.665 201.349 212.551 168.218 200.963 216.666 185.759 145.037 185.897 194.355 186.753 170.545 147.199 214.723 204.163 184.651 203.221 167.273 202.837 203.756 185.401 212.593 204.865 214.462 212.566 146.697 204.377 219.816 201.478 220.672 
165.278 200.876 200.602 190.581 158.118 212.519 163.152 144.262 202.871 200.558 152.123 144.828 175.416 200.692 168.566 200.571 212.522 171.082 165.797 144.591 200.587 238.434 200.561 212.514 149.375 200.571 210.2 184.789 143.623 182.165 191.631 167.311 149.024 144.013 152.365 201.492 171.108 200.653 145.525 200.601 169.015 184.602 212.514 177.537 213.466 212.514 144.457 202.536 215.857 200.561 215.095 
143.797 200.565 200.559 186.867 157.028 212.514 161.203 143.589 200.585 200.558 151.976 143.625 145.446 200.56 145.596 200.558 212.514 167.016 155.905 143.623 200.558 218.013 200.558 212.514 143.616 200.558 206.927 173.015 143.588 159.477 139.197 152.019 144.814 143.49 151.979 200.573 157.259 200.558 143.487 200.559 145.104 166.323 212.514 146.341 212.519 212.514 143.866 200.572 215.784 200.558 213.083 
143.471 200.558 200.558 184.307 156.96 212.514 161.179 143.588 200.559 200.558 151.976 143.588 143.591 200.558 143.506 200.558 212.514 143.527 152.187 143.588 200.558 217.84 200.558 212.514 143.472 200.558 201.893 155.725 143.588 155.932 132.45 143.522 143.594 143.47 151.976 200.558 152.452 200.558 143.47 200.558 143.555 155.262 212.514 143.506 212.514 212.514 143.588 200.558 215.784 200.558 212.515 
143.47 200.558 200.558 175.134 156.96 212.514 161.179 143.588 200.558 200.558 151.976 143.588 143.588 200.558 143.47 200.558 212.514 143.47 151.976 143.588 200.558 217.797 200.558 212.514 143.47 200.558 141.292 152.037 143.588 152.178 129.857 143.47 143.588 143.47 151.976 200.558 151.984 200.558 143.47 200.558 143.47 152.174 212.514 143.47 212.514 212.514 143.588 200.558 215.784 200.558 212.514 
143.47 200.558 200.558 175.023 156.96 212.514 161.179 143.588 200.558 200.558 151.976 143.588 143.588 200.558 143.47 200.558 212.514 143.47 151.976 143.588 200.558 217.797 200.558 212.514 143.47 200.558 139.897 151.976 143.588 151.976 126.638 143.47 143.588 143.47 151.976 200.558 151.976 200.558 143.47 200.558 143.47 151.976 212.514 143.47 212.514 212.514 143.588 200.558 215.784 200.558 212.514 
143.47 200.558 200.558 175.023 156.96 212.514 161.179 143.588 200.558 200.558 151.976 143.588 143.588 200.558 143.47 200.558 212.514 143.47 151.976 143.588 200.558 217.797 200.558 212.514 143.47 200.558 138.234 151.976 143.588 151.976 126.003 143.47 143.588 143.47 151.976 200.558 151.976 200.558 143.47 200.558 143.47 151.976 212.514 143.47 212.514 212.514 143.588 200.558 215.784 200.558 212.514 
