5.0717 3.79639 4.46398 5.27276 4.98899 5.01758 5.4631 5.37979 5.03608 4.86956 4.52358 5.3231 3.95198 4.58511 4.93824 3.60836 5.08278 4.34153 5.20928 3.70151 4.3765 5.04732 4.83539 4.77158 5.00749 4.56041 4.89791 5.19035 4.90019 4.59256 5.29962 5.2707 4.55882 5.68327 4.22622 5.09849 3.68276 5.45132 4.16312 4.63856 5.31136 4.56561 5.36724 4.57332 4.74684 5.02848 4.94545 4.93927 4.77887 5.15934 5.60602 
4.50161 3.79639 4.46398 4.8338 4.84287 4.58547 4.67923 5.22336 4.72488 4.86956 4.52358 5.13124 3.95198 4.58511 4.93824 3.60836 5.08278 4.34153 4.23955 3.70151 4.26563 4.56188 4.83539 4.71816 4.968 4.56041 4.4915 3.73163 4.90019 4.12334 4.72348 5.07428 4.55882 5.18433 4.22622 4.61305 3.68276 4.27269 4.16312 4.63856 5.10166 3.41795 5.36724 4.43413 3.97446 5.00017 4.94545 4.93927 4.51101 5.05309 5.01534 
4.50161 3.79639 4.46398 4.8338 4.84287 4.58547 4.67923 5.047 4.72488 4.38054 4.52358 4.54937 3.95198 4.58511 4.93824 3.60836 4.26295 4.34153 4.04125 3.70151 3.49273 4.554 4.31251 4.09231 4.71025 4.56041 4.4915 3.73163 4.50541 4.12334 4.39812 4.49638 4.55003 3.82038 4.22622 4.18891 3.68276 4.27269 4.16312 4.46755 5.10166 3.41795 4.52884 4.43413 3.97446 5.00017 4.70364 4.7077 4.48153 5.05309 4.61547 
4.50161 3.79639 4.46398 4.8338 4.84287 4.26708 3.52335 4.8215 4.60766 4.38054 4.52358 4.44394 3.95198 4.58511 3.92597 3.60836 3.80484 4.34153 4.04125 3.70151 3.49273 4.31962 4.31251 3.98155 4.71025 4.56041 4.35209 3.73163 4.46551 4.12334 4.39812 4.15757 4.55003 3.82038 4.22622 4.18891 3.68276 4.27269 4.16312 3.78381 5.10166 3.41795 4.52884 4.1279 3.97446 4.59971 4.70364 4.3044 4.10413 4.80648 4.61547 
3.57354 3.79639 3.97669 3.53918 4.01964 4.26708 3.52335 3.46927 4.46009 4.17391 4.12529 3.82278 3.53651 3.83056 3.92597 3.60836 3.79607 4.34153 4.04125 3.70151 3.49273 4.12476 4.31251 3.98155 4.20348 4.23849 4.35209 2.91932 4.46551 4.12334 3.99235 3.15248 4.06103 3.82038 3.89682 4.18891 3.68276 3.86404 3.27746 3.49127 4.15204 3.41795 4.52884 4.1279 3.97446 3.94823 4.32373 4.20745 3.59179 4.32454 4.41661 
3.57354 3.29091 3.97669 3.53918 4.01964 3.25359 3.52335 3.46927 4.07953 3.95894 3.85198 3.82278 3.53651 3.83056 3.62663 3.60836 3.04121 4.34153 3.84213 3.70151 3.49273 4.12476 2.89381 3.85443 3.51644 3.84997 3.71354 2.91932 3.08324 4.12334 3.99235 3.15248 4.06103 3.67446 3.89682 3.77441 3.68276 3.86404 3.27746 3.49127 4.15204 3.41795 3.95228 3.86519 3.73048 3.94823 3.78214 4.20745 3.59179 3.81678 3.97913 
3.57354 3.29091 3.11277 3.53918 4.01964 3.25359 3.52335 3.46927 3.69698 3.64578 3.74057 3.82278 3.53651 3.83056 3.48801 3.60836 3.04121 4.19598 2.82679 3.70151 3.49273 3.77546 2.89381 3.85443 3.51644 3.84997 3.71354 2.91932 3.08324 4.12334 3.99235 3.15248 4.06103 3.67446 3.65474 3.77441 3.54375 3.84183 3.27746 3.49127 4.15204 3.41795 3.95228 3.86519 2.87587 3.94823 3.54672 4.20745 3.59179 3.81678 3.97913 
3.57354 3.29091 3.11277 3.53918 3.02537 3.25359 3.40548 3.46927 3.69698 3.64578 3.74057 3.82278 3.53651 3.83056 3.43697 3.60836 3.04121 4.05781 2.82679 3.63438 3.49273 3.36193 2.89381 3.85443 3.50258 3.84997 3.71354 2.91932 3.08324 3.80702 3.94359 3.15248 3.69756 3.67446 3.65474 3.42317 3.54375 3.63166 3.27746 3.49127 4.15204 3.05604 2.97348 3.86519 2.87587 3.94823 3.54672 4.02086 3.59179 3.29016 3.97913 
3.57354 3.29091 3.11277 3.53918 2.88883 3.25359 3.36951 3.46927 3.56797 3.64578 3.55644 3.82278 3.05627 3.79304 3.43697 3.11943 3.04121 3.93378 2.82679 3.53697 3.49273 3.36193 2.89381 3.85443 3.50258 3.84997 3.18614 2.91932 3.08324 3.80702 3.18155 3.15248 2.7615 2.76502 3.30416 3.42317 3.24823 3.34008 3.00398 3.49127 2.95489 3.02967 2.97348 3.47436 2.87587 3.41641 3.54672 3.11078 3.0328 3.29016 3.95786 
3.57354 2.78695 2.8533 3.45715 1.70364 3.25359 3.01127 3.1476 3.43516 3.01406 2.67377 3.58814 3.05627 3.79304 2.47227 2.48259 2.81059 3.93378 2.82679 3.29336 3.49273 2.70989 2.89381 3.50789 2.94091 2.8267 1.77055 2.91932 3.03999 3.57338 3.18155 2.3731 2.56551 2.24743 2.88222 3.42317 3.05905 3.12184 3.00398 3.17218 2.41853 1.97511 2.97348 2.46804 2.87587 3.14545 3.54672 3.09064 2.55135 2.90729 3.91608 
2.21229 2.08044 2.336 2.93485 1.13073 2.95619 1.25892 1.56991 2.81837 1.59705 2.1566 2.90551 2.84249 3.26308 1.57855 1.10792 1.26379 3.3029 1.11867 1.35958 3.49273 2.70989 1.48044 3.13228 2.84371 1.2306 1.1094 1.35908 1.32633 3.13123 1.46959 1.16924 2.17767 2.24743 0.983163 2.60309 2.59342 2.58984 1.37335 2.72333 2.41853 1.24211 1.33027 1.5198 2.30385 2.79195 3.25459 1.11479 1.31644 2.8631 3.61448 
1.16864 1.21722 1.72482 0.859499 0.848352 2.4265 0.851249 0.928313 1.10262 1.10462 0.904118 1.16334 1.3754 1.18193 0.977662 0.826732 0.957339 2.8119 0.811107 0.880367 3.1095 2.36559 0.938802 2.48041 2.28962 0.929546 0.825258 0.915615 0.896947 2.5446 0.856604 0.801585 1.03086 1.11751 0.81558 1.06199 1.19497 1.05385 0.864058 2.31907 2.41853 0.820366 0.963702 1.11165 1.07705 1.24998 3.25459 0.978706 0.901925 1.26204 2.98288 
0.716719 0.608603 1.72482 0.505194 0.686662 0.905474 0.591271 0.541035 0.647603 0.632648 0.578689 0.731903 0.695781 0.61798 0.73026 0.555683 0.433583 0.926261 0.697003 0.574859 2.57466 1.94484 0.609854 0.591424 2.10073 0.563398 0.594477 0.581619 0.473224 2.38769 0.654474 0.588885 0.66431 0.667508 0.500094 0.767828 0.649209 0.674886 0.565009 0.760131 2.41853 0.513745 0.638813 0.701197 0.767427 0.614114 3.08462 0.607014 0.630751 0.748876 2.56202 
0.129706 0.203669 0.227675 0.126933 0.223428 0.18608 0.123758 0.198724 0.163609 0.146023 0.220615 0.17206 0.172645 0.147587 0.152342 0.134331 0.087978 0.164995 0.129953 0.192945 0.238469 0.343647 0.206655 0.190797 0.339907 0.205416 0.217285 0.150686 0.221815 0.224383 0.154523 0.0908469 0.177644 0.149738 0.170565 0.128862 0.206425 0.184215 0.142878 0.228232 0.218363 0.114799 0.146707 0.166697 0.137887 0.201353 0.101205 0.139543 0.195921 0.195023 0.106396 
