4.82946 4.31686 3.71435 4.06547 4.74722 3.99829 4.58589 4.36736 4.56577 4.44937 4.09982 4.44505 4.29102 4.19002 4.81674 4.2444 4.41206 3.42411 3.97613 4.47424 4.3576 4.79134 4.33527 4.28145 4.55214 4.45032 4.51283 4.31748 4.67635 4.36506 5.05229 4.37676 4.89585 4.56046 4.15234 4.78976 4.1069 4.59003 4.61082 3.68325 4.3332 4.20821 4.44707 3.56672 4.36678 5.04627 4.18353 4.561 4.38032 5.06314 4.25747 
1.98306 2.05403 1.68786 2.26403 1.4965 2.46511 2.50147 2.64187 2.31819 2.20823 2.27929 1.65152 2.2304 2.46504 2.31934 2.45509 1.8199 1.36956 1.87266 1.64787 2.20241 2.27759 2.20026 2.50878 2.13583 2.03913 2.34253 2.22302 1.98711 2.41377 1.50718 1.56195 2.42687 2.47213 2.28428 2.25868 2.20182 2.62757 2.45317 1.80349 2.39765 1.61499 1.89905 2.39751 1.53332 2.88525 1.65449 2.68873 2.57753 1.89073 1.58024 
0.929094 0.718986 0.766288 0.79628 0.776111 0.890265 0.933107 0.944835 0.876113 1.03683 0.60492 0.805071 0.898988 0.746024 0.685274 0.809195 0.834451 0.96622 0.876956 0.65838 0.897225 0.804261 1.07009 0.891335 1.07202 0.772647 0.977818 0.888687 0.880894 0.823366 0.767106 0.958622 1.04976 0.881408 0.980551 0.974667 0.887751 1.06772 0.734836 0.970447 0.785853 1.01732 0.67598 0.905648 0.973196 0.825655 0.581773 0.804186 1.04355 1.18136 0.804223 
0.70871 0.479122 0.606033 0.61779 0.560288 0.673337 0.665697 0.707474 0.50573 0.75625 0.60492 0.512303 0.359487 0.465216 0.523591 0.503475 0.705762 0.642991 0.457245 0.656875 0.47861 0.688149 0.527515 0.502 0.707154 0.690278 0.71564 0.531466 0.596161 0.581492 0.680349 0.74666 0.665517 0.724536 0.575145 0.600172 0.495508 0.552347 0.668132 0.606122 0.676295 0.554144 0.67598 0.643167 0.538496 0.545167 0.581773 0.717668 0.627256 0.579411 0.613632 
0.485086 0.479122 0.493883 0.435834 0.506732 0.516324 0.516834 0.411721 0.480662 0.566374 0.490241 0.4586 0.359487 0.465216 0.523591 0.292343 0.50484 0.353106 0.457245 0.463544 0.47861 0.583371 0.527515 0.476647 0.442666 0.448913 0.394768 0.513462 0.448137 0.482857 0.534591 0.420914 0.513474 0.539272 0.486733 0.43997 0.495168 0.478579 0.330713 0.466842 0.450731 0.446319 0.560615 0.527657 0.454632 0.510629 0.448386 0.525948 0.472407 0.349285 0.464814 
0.393249 0.387492 0.360243 0.384677 0.405896 0.392904 0.400316 0.321076 0.427203 0.380028 0.435963 0.284951 0.358385 0.31719 0.416009 0.292343 0.357401 0.263825 0.354855 0.458262 0.311701 0.39562 0.427235 0.314336 0.374943 0.375441 0.383562 0.41331 0.353447 0.344434 0.452356 0.420914 0.430321 0.395891 0.427405 0.343762 0.322462 0.441633 0.330713 0.31787 0.381131 0.384108 0.391183 0.340139 0.434643 0.406437 0.318991 0.430313 0.372236 0.349285 0.264616 
0.26864 0.387492 0.278342 0.233117 0.266385 0.343396 0.301572 0.321076 0.3413 0.332488 0.327372 0.284951 0.336252 0.300666 0.412391 0.265649 0.343085 0.263825 0.299808 0.292799 0.299342 0.255358 0.338974 0.281336 0.339875 0.375441 0.235869 0.350142 0.310452 0.310854 0.343945 0.319391 0.241173 0.271933 0.35225 0.335362 0.314268 0.301495 0.326381 0.274799 0.296768 0.325967 0.283547 0.340139 0.316197 0.344754 0.318991 0.349263 0.318252 0.323228 0.264616 
0.249138 0.266384 0.278342 0.233117 0.266385 0.300445 0.301572 0.302439 0.328208 0.327415 0.267563 0.255193 0.289729 0.300666 0.290707 0.231769 0.297577 0.209509 0.219601 0.277641 0.238004 0.20124 0.28487 0.248154 0.339875 0.255782 0.235869 0.302264 0.230764 0.310854 0.26557 0.319391 0.241173 0.271933 0.253942 0.289894 0.256284 0.301495 0.22586 0.230939 0.296768 0.325967 0.283547 0.305961 0.279428 0.27763 0.246397 0.213851 0.25738 0.252486 0.218719 
0.204013 0.220438 0.233215 0.205462 0.256452 0.238215 0.178348 0.149261 0.211301 0.215083 0.224748 0.230431 0.216237 0.260122 0.290707 0.206861 0.252594 0.209509 0.21008 0.180891 0.238004 0.174701 0.274003 0.248154 0.21159 0.199701 0.235869 0.222846 0.181352 0.225135 0.26557 0.26108 0.241173 0.242486 0.192924 0.233895 0.256284 0.270186 0.22586 0.230939 0.22657 0.227879 0.215996 0.202651 0.261737 0.241417 0.227351 0.213851 0.215055 0.198449 0.218719 
0.166683 0.189342 0.203635 0.183244 0.216332 0.17165 0.178348 0.149261 0.199784 0.212039 0.200265 0.205204 0.209826 0.233201 0.200243 0.206861 0.184449 0.197695 0.164736 0.180891 0.208608 0.174701 0.268503 0.159006 0.203669 0.199701 0.18623 0.222846 0.181352 0.203634 0.225631 0.192446 0.197726 0.161594 0.13399 0.176578 0.214049 0.233812 0.186012 0.216106 0.178559 0.211042 0.183163 0.202651 0.159983 0.226971 0.190949 0.166526 0.200292 0.192266 0.182926 
0.166683 0.173 0.200741 0.152472 0.202768 0.17165 0.178348 0.149261 0.181305 0.192263 0.152851 0.174086 0.177378 0.169623 0.169526 0.176121 0.172188 0.195021 0.164736 0.180891 0.208608 0.160832 0.214586 0.133321 0.161966 0.199701 0.18623 0.220724 0.149164 0.203634 0.159606 0.192446 0.197539 0.161594 0.13399 0.176578 0.191015 0.148506 0.186012 0.172237 0.174523 0.19374 0.149301 0.198971 0.159983 0.205465 0.190949 0.166526 0.168247 0.191068 0.182926 
0.156259 0.172188 0.189393 0.152472 0.155586 0.149247 0.168426 0.149261 0.124115 0.141098 0.132333 0.167643 0.151576 0.1008 0.16815 0.170229 0.143582 0.145746 0.162322 0.144407 0.183858 0.149465 0.167215 0.133321 0.15976 0.180274 0.18436 0.139187 0.149164 0.153473 0.159606 0.12736 0.132744 0.159554 0.13399 0.148618 0.176692 0.120076 0.16215 0.167821 0.154016 0.19374 0.141334 0.197588 0.159578 0.169402 0.168295 0.152925 0.149682 0.148215 0.164042 
0.134525 0.152997 0.160965 0.122977 0.146006 0.149247 0.138207 0.149261 0.124049 0.141098 0.132333 0.147825 0.125805 0.1008 0.16815 0.138787 0.141599 0.124614 0.151459 0.141356 0.183858 0.149465 0.167215 0.133321 0.149065 0.154957 0.138676 0.139187 0.143663 0.0884233 0.141896 0.121668 0.132744 0.131492 0.127072 0.141263 0.113627 0.120076 0.139365 0.162006 0.132027 0.19374 0.141334 0.176482 0.131458 0.169402 0.161358 0.13816 0.122866 0.148215 0.150022 
0.100357 0.0728174 0.0924356 0.0803814 0.112524 0.133493 0.100357 0.118529 0.0686296 0.0883373 0.102924 0.101039 0.104188 0.058165 0.12544 0.0781216 0.0857128 0.0793053 0.0946513 0.0896967 0.0816817 0.100888 0.11149 0.111585 0.0946175 0.0904257 0.138676 0.106915 0.0872688 0.0501588 0.109297 0.0756818 0.0983342 0.092786 0.0819071 0.0907398 0.0625633 0.0792439 0.0946802 0.0977199 0.0710359 0.148784 0.0845868 0.0716846 0.107958 0.0927475 0.0866091 0.0800003 0.0836439 0.122082 0.150022 
