5.56475e+07 5.86626e+07 8.18176e+07 5.14336e+07 7.12999e+07 6.42586e+07 5.87585e+07 5.41749e+07 5.74697e+07 6.3271e+07 5.82445e+07 6.09993e+07 4.45902e+07 5.69485e+07 4.9996e+07 8.22785e+07 5.53158e+07 5.74326e+07 6.49903e+07 5.67942e+07 6.21115e+07 8.01479e+07 8.6987e+07 6.20376e+07 4.24231e+07 4.87432e+07 5.40128e+07 7.31679e+07 7.84251e+07 6.90175e+07 6.76581e+07 5.8199e+07 6.20319e+07 7.68621e+07 6.40483e+07 4.24164e+07 8.21674e+07 6.52216e+07 6.12116e+07 7.27909e+07 5.36833e+07 7.12908e+07 7.34705e+07 6.4195e+07 5.84582e+07 7.17472e+07 6.05408e+07 4.99011e+07 7.34086e+07 5.90114e+07 6.4269e+07 
2.33651e+07 1.94386e+07 2.79487e+07 1.41579e+07 2.38737e+07 2.69794e+07 1.49023e+07 2.41625e+07 1.85769e+07 2.78866e+07 2.44508e+07 1.95604e+07 2.43314e+07 1.76499e+07 1.86772e+07 1.51144e+07 2.36801e+07 2.63161e+07 1.95707e+07 1.94081e+07 2.14132e+07 2.15119e+07 2.49308e+07 2.21634e+07 3.14029e+07 2.2775e+07 1.86401e+07 2.27248e+07 2.23938e+07 1.83031e+07 2.35487e+07 2.08744e+07 2.28884e+07 2.08632e+07 2.6539e+07 2.4195e+07 2.11024e+07 2.2637e+07 2.44548e+07 1.82341e+07 1.79576e+07 2.62853e+07 3.07609e+07 2.65576e+07 2.81048e+07 1.63119e+07 2.32769e+07 1.43559e+07 2.73144e+07 2.27325e+07 1.03973e+07 
1.23156e+07 8.50124e+06 1.19273e+07 9.67496e+06 7.75102e+06 9.10791e+06 9.55348e+06 1.14664e+07 1.04135e+07 1.22579e+07 9.24213e+06 9.14215e+06 9.47964e+06 8.64386e+06 6.85549e+06 1.02809e+07 1.02358e+07 8.11289e+06 1.29233e+07 7.2254e+06 9.45934e+06 1.23432e+07 9.28148e+06 1.05945e+07 1.17136e+07 1.08169e+07 6.67983e+06 1.02065e+07 9.13119e+06 4.68893e+06 8.40373e+06 7.88564e+06 6.6445e+06 1.19542e+07 1.29972e+07 1.1705e+07 9.38499e+06 1.12214e+07 6.86125e+06 1.07719e+07 8.33482e+06 8.77707e+06 1.01368e+07 9.88889e+06 7.04749e+06 9.3289e+06 9.4182e+06 8.70506e+06 1.08963e+07 8.87258e+06 9.78304e+06 
1.48417e+06 2.03535e+06 2.76448e+06 2.5235e+06 1.35845e+06 2.34327e+06 3.10385e+06 2.61771e+06 3.13439e+06 3.03067e+06 2.27395e+06 2.08282e+06 2.85898e+06 2.38024e+06 2.25718e+06 2.5015e+06 2.74824e+06 1.75908e+06 1.76437e+06 2.63902e+06 2.4264e+06 2.5383e+06 2.71012e+06 2.47689e+06 2.5193e+06 2.30729e+06 2.83894e+06 1.9988e+06 3.03943e+06 2.33079e+06 3.34109e+06 2.80299e+06 2.64854e+06 2.46821e+06 2.64295e+06 2.52003e+06 2.14189e+06 2.67146e+06 1.94706e+06 2.68105e+06 1.75879e+06 1.61773e+06 2.24682e+06 2.29682e+06 1.70263e+06 2.39633e+06 2.06303e+06 2.13599e+06 2.42283e+06 1.81318e+06 2.25502e+06 
95722.1 91174.8 109784 90090.3 105976 87936.7 113480 93862.6 119070 100345 87266 82495.2 101342 107391 89492 119861 111290 96526.1 114473 120633 84012.9 95271.9 105647 96629 120486 97613.8 127987 80614.5 130412 97843.1 114210 134989 101225 90565.7 94479.1 108741 97944.3 102301 94033.8 116577 86125.7 103330 98429.8 84436.3 98266.8 97223.2 132361 96513.4 113665 70340.5 107179 
12820.3 12728.9 11980.8 11337.7 14105.7 12560.9 14163.4 12033.6 14239.5 15210 13126.7 14201.8 11531.1 11385.3 11356.1 12322.7 11936 12532.8 12716.4 11487.6 11299.9 10709.8 15199.5 11334 13861.4 10390.8 13301.8 12239.5 12960.5 11759.2 11919.4 10930.6 12055.8 14512.5 8249.15 12448.5 9476.52 11325.9 11972.1 12011.9 11964 11718.4 12584 12877.8 11174.7 13864.2 12040.4 11398 13138.6 13327.7 10985.1 
9033.79 9123.45 7798.25 9711.72 10469.1 7287.26 8503.86 7745.41 8636.43 11910.6 9451.78 11359.6 8042.84 9063.3 8725.89 9762.82 9650.37 9043.24 9181.89 8210.11 8384.63 7239.36 10749.8 8391.49 10143.7 7644.92 8278.22 8858.26 8281.49 7654.17 7579.02 7732.75 8177.45 8552.53 6065.7 9518.4 6465.87 7196.14 9043.63 9193.15 9231.38 8834.23 9072.96 9588.73 7988.94 9134.45 8249.61 9430.45 7917.68 9210.95 6414.09 
8417.14 8511.91 7268.35 9550.65 9882.14 7108.1 7091.21 7601.64 7717.8 10429.3 8976.04 9303.29 7503.7 8805.36 7947.71 8654.73 8378.67 8705.23 8351.66 7889.25 8272.23 6869.73 9261.3 8214.16 9444.57 7422.84 7632.84 8494 7737.55 7490.51 7033.61 7364.13 8067.04 8293.61 5911.56 8609.89 6283.98 6876.83 8792.41 8047.13 8940.37 8672.85 8597.7 9395.14 7566.09 7777.2 7732.43 8918.27 6523.96 8419.08 5637.18 
8394.09 8486.98 7085.61 9539.89 9866.28 7021.83 6939.14 7593.6 7693.11 10292.2 8951.01 9002.62 7450.54 8740.87 7781.68 8349.77 8182.3 8542.23 8317.58 7870.03 8261.98 6856.03 9187.54 8205.02 9121.4 7412.76 7337 8257.63 7672.22 7479.6 6939.84 7297.94 8061.66 8286.87 5899.02 8310.11 6015.9 6840.37 8772.49 7766.81 8731.75 8666.25 8577.4 9382.64 7519.98 7538.51 7715.34 8880.87 6382.52 8301.9 5586.38 
8387.49 8482.4 7075.85 9534.21 9862.53 7017.04 6926.96 7590.62 7687.79 10285.6 8945.77 8955.73 7444.84 8718.64 7772.48 8334.42 8169.22 8529.83 8311.9 7865.94 8259.84 6852.58 9180.46 8202.59 9109.39 7408.27 7324.78 8248.89 7664.07 7474.97 6932.76 7292 8059.39 8283.4 5894.65 8281.98 5994.63 6834.51 8769.45 7706.52 8711.04 8662.08 8574.92 9377.09 7512.26 7529.95 7711.65 8874.73 6366.19 8291.29 5580.03 
8384.48 8477.87 7071.93 9531.28 9857.72 7013.13 6922.66 7586.8 7684.66 10281.3 8944.1 8949.96 7437.9 8594.67 7768.39 8330.6 8163.29 8526.39 8306.94 7862.87 8256.2 6850.48 9176.75 8199.23 9104.29 7404.09 7304.21 8246.19 7662.26 7472.26 6927.98 7285.51 8055.98 8280.17 5893.27 8277.19 5989.77 6829.05 8766.72 7697.93 8703.93 8661.22 8571.19 9372.91 7509.4 7526.6 7708.59 8871.19 6361.29 8287.19 5576.11 
8382.26 8475.47 7067.8 9527.77 9853.48 7011.96 6919.05 7586.27 7683.22 10278.9 8940.96 8945.61 7433.59 8585.79 7764.53 8326.14 8161.18 8522.43 8304.47 7860.53 8254.17 6847.92 9174.6 8197 9101.17 7401.85 7299.31 8240.67 7657.51 7469.08 6925.03 7284.65 8055.07 8278.19 5890.01 8272.78 5987.05 6828.21 8765.24 7691.59 8701.09 8659.79 8568.45 9370.42 7506.18 7524.01 7706.21 8868.66 6357.73 8282.76 5571.47 
8377.17 8473.51 7064.5 9524.23 9851.85 7009.48 6914.52 7582.17 7679.26 10275.8 8938.92 8942.46 7430.88 8582.81 7759.18 8323.79 8153.18 8520.43 8303.06 7857.8 8251.92 6844.38 9172.13 8193.32 9098.17 7399.33 7294.49 8239.71 7655.85 7468.09 6922.72 7280.88 8051.45 8272 5886.82 8269.9 5984.78 6824.17 8761.16 7688.56 8697.57 8654.38 8566.5 9368.49 7505.53 7521.75 7701.15 8862.18 6354.14 8280.32 5569.11 
8243.28 8460.01 7024.8 9485.6 9750.93 7000.52 6870.69 7563.81 7665.1 10175.2 8926.06 8699.28 7419.15 8566.25 7706.63 8307.01 8082.38 8451.36 8285.01 7846.96 8144.74 6829.26 8978.61 8186.67 9086.66 7309.83 7219.85 8225.05 7634.96 7448.22 6901.52 7264.4 8044.83 8262.44 5765.02 8254.96 5975.62 6807.95 8749.61 7669.74 8684.31 8643.43 8536 9211.53 7487.63 7506.03 7691.64 8762.7 6321.03 8268.31 5546.13 
