183.34 181.092 155.486 185.769 188.802 167.845 169.519 191.395 184.264 176.317 182.699 198.151 197.141 186.267 185.291 191.328 167.873 170.66 187.232 180.283 183.263 168.226 168.209 179.086 183.596 180.285 176.08 187.076 185.998 174.694 190.32 177.914 190.593 174.404 178.295 192.888 192.379 185.888 172.518 175.593 163.538 166.846 172.277 180.644 182.221 188.213 197.78 172.365 191.416 175.916 175.355 
159.499 143.857 155.486 157.812 163.668 167.845 164.521 160.297 168.483 172.822 175.218 167.189 170.263 171.744 167.551 167.933 167.873 167.911 158.952 164.208 169.996 165.482 157.289 162.288 157.998 165.215 160.16 136.856 165.004 169.033 166.371 170.788 164.451 172.7 165.248 161.8 168.507 151.182 161.842 157.867 159.49 149.602 171.176 155.649 167.773 167.916 158.732 148.603 160.961 153.593 164.055 
140.669 143.857 155.486 157.812 149.953 142.039 160.246 146.275 160.259 153.2 149.694 165.683 167.816 162.572 159.793 163.446 150.776 147.099 158.952 157.129 157.232 142.168 157.218 162.288 157.998 147.926 157.887 136.856 157.375 153.584 159.049 162.747 164.381 160.096 159.972 149.963 148.642 151.182 161.842 155.093 159.49 149.602 153.506 151.445 162.151 157.613 158.732 148.603 155.5 152.773 160.731 
140.669 137.246 137.985 132.551 149.953 142.039 153.221 140.904 159.36 150.416 149.694 163.814 152.592 155.784 152.446 153.177 149.078 147.099 157.905 149.877 153.534 142.168 153.303 162.288 146.726 147.926 153.413 136.856 150.081 153.584 146.81 151.86 152.788 155.758 151.043 149.963 142.81 138.858 154.523 144.415 153.691 140.588 144.271 148.272 147.637 155.681 146.589 148.603 149.364 152.773 133.952 
140.669 128.223 137.314 132.551 139.809 138.392 140.594 129.648 144.747 145.262 145.919 144.143 134.666 137.669 144.802 143.705 149.078 144.04 148.256 144.389 145.05 142.168 149.376 140.097 142.11 132.024 145.467 133.926 148.908 141.801 132.868 140.685 132.675 140.747 141.421 146.182 142.81 138.858 146.752 144.415 137.282 140.588 140.831 148.272 141.909 149.818 125.422 144.368 148.019 143.822 131.341 
122.351 125.677 125.5 126.778 128.366 120.838 129.337 116.899 129.844 136.712 132.119 134.894 133.031 130.995 118.626 136.853 130.382 126.374 121.505 116.245 124.684 124.358 128.955 124.826 125.163 121.264 132.447 127.447 132.113 125.74 121.685 129.293 122.543 127.603 128.06 124.786 122.685 124.477 127.812 134.04 131.701 121.258 124.565 123.935 128.552 122.641 119.364 122.818 123.597 128.66 119.605 
119.458 117.529 115.98 113.16 114.833 117.043 117.605 114.069 119.981 117.582 119.634 120.187 122.719 118.219 114.674 115.709 117.375 122.055 116.408 112.253 116.602 115.671 118.506 114.15 113.753 113.864 116.667 118.341 123.266 116.272 114.996 120.473 114.18 116.965 122.247 118.403 112.759 115.634 116.773 117.001 121.305 112.683 117.088 114.883 113.972 118.083 116.465 107.525 115.136 120.134 116.428 
114.942 112.095 113.631 111.821 114.323 112.028 115.516 111.637 114.362 109.814 117.33 116.531 118.516 114.154 114.564 112.522 114.408 115.315 112.921 110.248 113.604 113.174 114.062 114.15 106.808 110.043 110.871 116.595 118.5 110.939 114.307 112.128 112.587 112.33 113.1 113.518 112.102 112.296 113.849 116.093 112.531 112.048 114.223 111.368 108.593 113.913 114.513 104.389 113.436 116.35 114.168 
113.274 110.746 112.166 110.149 109.293 111.377 112.77 110.386 112.169 109.451 113.803 112.458 112.172 111.754 111.844 110.001 112.029 114.303 111.068 110.208 110.178 110.683 110.936 111.131 103.925 109.917 106.422 113.896 114.273 106.766 109.046 108.597 110.282 108.801 107.32 111.386 108.426 110.545 112.894 111.902 108.789 109.612 112.85 110.646 105.395 110.774 110.881 102.359 109.68 114.358 110.616 
109.957 109.532 109.769 108.568 107.977 110.087 110.254 107.569 110.42 107.959 111.23 111.266 109.077 108.476 107.958 109.166 109.544 111.444 108.579 109.567 109.526 109.335 107.784 109.257 102.53 106.345 105.807 109.62 111.267 101.188 107.592 108.017 108.715 106.837 105.935 111.146 108.022 109.17 110.857 109.29 108.232 108.328 109.935 109.886 100.994 109.791 110.541 101.687 107.036 110.674 108.415 
109.166 108.112 108.002 108.082 106.194 108.241 106.341 107.321 109.08 107.765 110.506 109.401 108.15 107.814 107.665 108.381 107.947 109.296 102.05 108.378 107.908 108.302 107.207 108.533 100.499 106.2 105.734 107.714 110.774 100.504 107.264 107.589 106.559 106.232 105.53 109.35 107.759 101.287 108.991 108.033 108.144 107.657 109.031 108.235 100.376 107.946 109.232 100.539 106.299 109.759 107.495 
107.006 105.507 105.23 107.958 105.163 107.936 106.108 107.164 106.411 107.392 110.215 107.986 107.985 107.551 107.218 105.141 106.038 109.092 100.103 106.785 107.554 107.181 107.112 107.477 100.206 106.105 105.598 107.181 110.529 100.001 105.598 107.038 106.004 100.944 105.14 107.145 107.406 100 108.178 107.887 107.409 107.186 108.214 107.294 100 107.68 107.1 100.007 105.989 108.37 107.279 
106.747 105.14 105.14 107.941 105.14 107.9 106.049 107.144 105.962 106.021 110.181 107.433 107.9 107.34 107.183 105.14 105.14 108.72 100 100 107.34 107.144 107.111 107.144 100 105.598 105.598 107.111 110.502 100 105.598 107.008 105.962 100 105.14 107.111 107.381 100 108.078 107.868 107.061 107.111 107.597 106.049 100 107.183 107.008 100 105.962 108.164 107.244 
106.747 105.14 105.14 107.941 105.14 107.9 106.049 107.144 105.962 106.021 110.181 107.433 107.9 107.34 107.183 105.14 105.14 108.72 100 100 107.34 107.144 107.111 107.144 100 105.598 105.598 107.111 110.502 100 105.598 107.008 105.962 100 105.14 107.111 107.381 100 108.078 107.868 107.061 107.111 107.597 106.049 100 107.183 107.008 100 105.962 108.164 107.244 
