11124.6 9889.52 10746.2 10583.1 10541.8 9865.88 11975.5 11878.7 10752.7 10451.4 10279.2 10398.8 9617.53 8913.85 9863.04 11825 10314.3 10119 9600.19 12057 9339.52 10662.3 10891 10205.1 10093.3 10971.6 12429.3 9928.83 9982.22 10571.2 10285.1 11178.8 11516.1 10806.8 11188.6 10848.5 11266 11106.4 10568.9 11062.8 10564.9 11255.2 10739.9 10557 11070.5 8384.36 11143 10569.5 10313.4 10213.8 9838.75 
4394.14 4781.29 3641.32 3715.19 3868.55 4791.47 4396.36 5332.33 3816.76 4653.72 4632.09 5085.21 3477.89 4371.1 3827.76 4788.45 5417.6 3608.34 6625.97 5645.14 4118.5 3973.99 4737.34 3688.5 4421.37 5104.36 4628.7 3869.92 3874.67 4053.44 5607.61 5758.29 4195.78 4393.09 4218.72 4927.19 6626.02 4197.67 4155.35 4406.83 3399.72 4714.87 4322.67 8184.99 4738.73 3777.9 4066.6 4044.53 4539.01 7540.51 4437.34 
2565.29 2737.49 2119 2132.73 2659.61 2321.39 2624.96 2602.58 2571.11 2498.05 2605.68 2755.62 2333.83 2469.59 2171.29 2307.14 2656 2437.91 3278.89 2854.24 2530.76 2235.72 2533.01 2266.84 2240.56 2643.54 2531.64 2553.07 2128.48 2199.82 2645.55 2724.83 2437.38 2359.77 2404.05 2700.07 3036.14 2569.02 2299.45 2518.91 2490.6 2551.11 2457.55 3534.3 2470.59 2360.83 2374.45 2495.64 2198.71 3592.36 2491.87 
1742.64 1833.5 1661.08 1680.54 1676.75 1668.48 1789.38 1704.19 1701.43 1752.34 1753.5 1700.21 1733.27 1692.45 1698.49 1694.4 1782.73 1697.44 1923.52 1933.98 1641.67 1580.51 1666.52 1686.8 1681.15 1717.98 1669.74 1699.79 1749.11 1698.01 1680.51 1703.7 1690.75 1695.35 1687.87 2025.72 1753.94 1788.86 1637.76 1767.09 1717.08 1771.68 1661.78 1716.96 1657.7 1582.27 1699.39 1770.8 1692.97 1822.63 1730.17 
1501.21 1461.57 1426.37 1421.04 1457.31 1432.44 1451.35 1524.83 1485.17 1410.25 1453.3 1533.45 1476.55 1508.09 1445.8 1518.03 1445.48 1445.8 1446.72 1469.04 1403.26 1440.91 1379.23 1433.85 1449.33 1506.09 1460.69 1446.96 1470.54 1467.49 1457.03 1521.51 1477.14 1513.9 1527.59 1568.12 1405.35 1497.35 1418.12 1509.5 1497.57 1501.96 1448.96 1488.86 1417.49 1410.02 1431.27 1447.39 1424.39 1449.88 1544.55 
1230.79 1123.87 1147.26 1165.66 1092.75 1149.7 1185.26 1280.39 1224.5 1066.21 1240.92 1194.42 1191.08 1262.68 1175.22 1264.56 1160.89 1148.14 1125.03 1138.59 1122.21 1179.32 1154.4 1189.1 1161.96 1204.87 1156.51 1156.4 1109.41 1236.24 1134.33 1260.82 1191.92 1307.06 1272.6 1308.14 1100.89 1194.25 1211.83 1326.03 1262.23 1245.27 1127.69 1296.82 1146.86 1139.94 1198.59 1140.06 1191.21 1170.65 1250.48 
1134.07 1110.85 1141.04 1160.66 1081.68 1140.35 1123.01 1183.33 1098.48 1052.96 1131.46 1185.72 1174.32 1123.98 1158.83 1252.41 1137.67 1137.99 1091.13 1088.19 1114.75 1160.58 1141.91 1126.7 1150.84 1163.59 1148.88 1129.23 1088.17 1123.42 1081.38 1118.09 1127.65 1196.09 1157.57 1106.66 1094.68 1156.19 1205.55 1109.74 1142.32 1120.54 1083.89 1161.38 1134.43 1112.78 1190.58 1087.37 1151.48 1137.05 1150.33 
1131.76 1110.85 1141 1160.62 1081.63 1140.33 1122.63 1182.91 1098.33 1052.91 1129.71 1185.71 1174.12 1123.71 1154.45 1252.27 1137.53 1134.42 1091.06 1088.13 1114.74 1160.09 1141.72 1125.49 1150.77 1161.85 1148.71 1129.06 1088.08 1123.19 1081.08 1112.48 1127.15 1193.22 1157.07 1105.45 1094.64 1151.84 1205.22 1108.14 1141.79 1120.16 1082.3 1159.86 1134.18 1112.47 1190.52 1087.12 1150.72 1136.89 1125.06 
1123.62 1110.85 1141 1160.62 1081.63 1140.33 1122.63 1182.91 1098.32 1052.91 1129.7 1185.71 1174.12 1123.71 1154.41 1252.26 1137.53 1133.56 1091.06 1088.13 1114.74 1152.5 1137.47 1125.45 1150.77 1161.82 1148.71 1129.05 1088.08 1123.19 1081.07 1112.42 1127.14 1193.13 1157.07 1105.45 1094.64 1151.67 1205.21 1108.13 1141.78 1120.16 1082.27 1159.84 1134.17 1112.46 1190.52 1087.12 1150.71 1136.89 1123.6 
1123.54 1110.85 1141 1160.62 1081.63 1140.33 1122.63 1182.91 1098.32 1052.91 1129.7 1185.71 1174.12 1123.71 1154.41 1252.26 1137.53 1133.54 1091.06 1088.13 1114.74 1152.35 1134 1125.45 1150.77 1161.82 1148.71 1129.05 1088.08 1123.19 1081.07 1112.41 1127.14 1193.13 1157.07 1105.45 1094.64 1151.66 1205.21 1108.13 1141.78 1120.16 1082.27 1159.83 1134.17 1112.45 1190.52 1087.12 1150.7 1136.89 1123.52 
1123.54 1110.85 1141 1160.62 1081.63 1140.33 1122.63 1182.91 1098.32 1052.91 1129.7 1185.71 1174.12 1123.71 1154.41 1252.26 1137.53 1133.54 1091.06 1088.13 1114.74 1152.34 1133.97 1125.45 1150.77 1161.82 1148.71 1129.05 1088.08 1123.19 1081.07 1112.41 1127.14 1193.13 1157.07 1105.45 1094.64 1151.66 1205.21 1108.13 1141.78 1120.16 1082.27 1159.83 1134.17 1112.45 1190.52 1087.12 1144.96 1136.89 1123.51 
1123.54 1110.85 1141 1160.62 1081.63 1140.33 1122.63 1182.91 1098.32 1052.91 1129.7 1185.71 1174.12 1123.71 1154.41 1252.26 1137.53 1133.54 1091.06 1088.13 1114.74 1152.34 1133.97 1125.45 1150.77 1161.82 1148.71 1129.05 1088.08 1123.19 1081.07 1112.41 1127.14 1193.13 1157.07 1105.45 1094.64 1151.66 1205.21 1108.13 1141.78 1120.16 1082.27 1159.83 1134.17 1112.45 1190.52 1087.12 1144.94 1136.89 1123.51 
1123.54 1110.85 1141 1160.62 1081.63 1140.33 1122.63 1182.91 1098.32 1052.91 1129.7 1185.71 1174.12 1123.71 1154.41 1252.26 1137.53 1133.54 1091.06 1088.13 1114.74 1152.34 1133.97 1125.45 1150.77 1161.82 1148.71 1129.05 1088.08 1123.19 1081.07 1112.41 1127.14 1193.13 1157.07 1105.45 1094.64 1151.66 1205.21 1108.13 1141.78 1120.16 1082.27 1159.83 1134.17 1112.45 1190.52 1087.12 1144.94 1136.89 1123.51 
1123.54 1110.85 1141 1160.62 1081.63 1140.33 1122.63 1182.91 1098.32 1052.91 1129.7 1185.71 1174.12 1123.71 1154.41 1252.26 1137.53 1133.54 1091.06 1088.13 1114.74 1152.34 1133.97 1125.45 1150.77 1161.82 1148.71 1129.05 1088.08 1123.19 1081.07 1112.41 1127.14 1193.13 1157.07 1105.45 1094.64 1151.66 1205.21 1108.13 1141.78 1120.16 1082.27 1159.83 1134.17 1112.45 1190.52 1087.12 1144.94 1136.89 1123.51 
