245.675 260.964 260.362 262.322 246.376 271.117 265.309 271.534 259.906 264.528 273.767 263.636 279.584 272.955 268.016 272.961 262.354 266.503 249.235 260.741 256.441 263.272 237.379 246.224 265.728 271.134 263.385 255.238 270.311 251.932 258.292 268.254 252.25 266.112 267.369 262.756 261.468 261.24 262.6 253.959 263.926 268.848 257.145 259.673 266.919 267.019 261.349 247.407 242.304 254.755 253.217 
230.214 241.684 235.436 242.847 239.113 242.257 241.294 231.614 237.716 234.699 244.543 244.023 238.113 239.675 235.792 239.59 238.269 247.102 243.994 240.048 235.562 240.377 236.486 241.14 251.045 242.203 231.966 239.853 235.102 239.336 234.404 244.128 237.43 234.456 242.301 238.186 238.831 239.221 230.831 236.509 240.727 237.249 232.586 240.905 237.554 244.395 246.167 234.959 235.729 238.335 240.975 
225.607 225.291 223.826 232.184 225.192 228.284 223.531 229.556 225.949 227.855 228.353 224.762 226.949 225.415 225.643 226.12 228.189 231.597 224.098 225.995 224.396 226.254 228.786 221.671 232.196 227.143 229.489 228.404 229.329 226.351 225.963 227.226 226.75 224.527 226.607 229.008 225.194 232.281 223.364 224.586 233.514 226.954 227.915 227.601 221.117 228.951 226.436 226.254 226.453 223.068 227.397 
212.905 213.208 214.241 215.356 212.668 215.009 213.823 213.03 212.333 213.455 215.499 212.835 215.276 214.259 214.059 214.761 214.929 216.287 212.771 215.569 213.993 213.615 213.476 214.362 213.655 212.964 213.546 214.92 215.438 210.945 212.386 214.721 215.125 212.829 212.192 215.234 214.677 216.163 212.249 213.418 215.345 209.796 212.85 213.929 212.548 213.887 213.382 213.035 214.564 214.398 215.025 
204.303 204.149 204.279 204.435 204.308 204.337 204.089 203.856 204.298 204.091 204.15 203.526 204.419 203.997 204.559 203.836 203.76 204.559 203.935 204.74 204.05 204.1 203.967 204.547 204.126 204.386 204.537 204.144 204.387 203.828 204.537 203.912 204.057 204.158 204.061 204.315 204.186 205.721 204.077 204.066 204.373 204.04 204.259 204.391 204.476 204.376 204.553 204.061 204.235 203.874 204.468 
202.607 202.583 202.616 202.583 202.63 202.541 202.592 202.679 202.579 202.649 202.654 202.62 202.626 202.701 202.607 202.591 202.637 202.622 202.583 202.704 202.564 202.626 202.674 202.702 202.655 202.596 202.659 202.664 202.645 202.639 202.638 202.542 202.578 202.639 202.642 202.707 202.669 202.671 202.616 202.674 202.675 202.643 202.572 202.668 202.63 202.659 202.592 202.586 202.635 202.591 202.628 
202.565 202.564 202.595 202.549 202.585 202.521 202.557 202.664 202.551 202.601 202.597 202.606 202.604 202.689 202.549 202.557 202.621 202.595 202.562 202.68 202.549 202.606 202.665 202.663 202.62 202.563 202.609 202.624 202.597 202.625 202.61 202.521 202.557 202.625 202.624 202.691 202.604 202.586 202.593 202.625 202.612 202.556 202.549 202.614 202.59 202.616 202.518 202.557 202.576 202.566 202.595 
202.565 202.564 202.595 202.549 202.585 202.521 202.557 202.664 202.551 202.601 202.597 202.606 202.604 202.689 202.549 202.557 202.621 202.595 202.562 202.68 202.549 202.606 202.665 202.663 202.62 202.563 202.608 202.624 202.597 202.625 202.61 202.521 202.557 202.625 202.624 202.691 202.604 202.586 202.593 202.625 202.612 202.555 202.549 202.614 202.59 202.615 202.518 202.557 202.576 202.566 202.595 
202.565 202.564 202.595 202.549 202.585 202.521 202.557 202.664 202.551 202.601 202.597 202.606 202.604 202.689 202.549 202.557 202.621 202.595 202.562 202.68 202.549 202.606 202.665 202.663 202.62 202.563 202.608 202.624 202.597 202.625 202.61 202.521 202.557 202.625 202.624 202.691 202.604 202.586 202.593 202.625 202.612 202.555 202.549 202.614 202.59 202.615 202.518 202.557 202.576 202.566 202.595 
202.565 202.564 202.595 202.549 202.585 202.521 202.557 202.664 202.551 202.601 202.597 202.606 202.604 202.689 202.549 202.557 202.621 202.595 202.562 202.68 202.549 202.606 202.665 202.663 202.62 202.563 202.608 202.624 202.597 202.625 202.61 202.521 202.557 202.625 202.624 202.691 202.604 202.586 202.593 202.625 202.612 202.555 202.549 202.614 202.59 202.615 202.518 202.557 202.576 202.566 202.595 
202.565 202.564 202.595 202.549 202.585 202.521 202.557 202.664 202.551 202.601 202.597 202.606 202.604 202.689 202.549 202.557 202.621 202.595 202.562 202.68 202.549 202.606 202.665 202.663 202.62 202.563 202.608 202.624 202.597 202.625 202.61 202.521 202.557 202.625 202.624 202.691 202.604 202.586 202.593 202.625 202.612 202.555 202.549 202.614 202.59 202.615 202.518 202.557 202.576 202.566 202.595 
202.565 202.564 202.595 202.549 202.585 202.521 202.557 202.664 202.551 202.601 202.597 202.606 202.604 202.689 202.549 202.557 202.621 202.595 202.562 202.68 202.549 202.606 202.665 202.663 202.62 202.563 202.608 202.624 202.597 202.625 202.61 202.521 202.557 202.625 202.624 202.691 202.604 202.586 202.593 202.625 202.612 202.555 202.549 202.614 202.59 202.615 202.518 202.557 202.576 202.566 202.595 
202.565 202.564 202.595 202.549 202.585 202.521 202.557 202.664 202.551 202.601 202.597 202.606 202.604 202.689 202.549 202.557 202.621 202.595 202.562 202.68 202.549 202.606 202.665 202.663 202.62 202.563 202.608 202.624 202.597 202.625 202.61 202.521 202.557 202.625 202.624 202.691 202.604 202.586 202.593 202.625 202.612 202.555 202.549 202.614 202.59 202.615 202.518 202.557 202.576 202.566 202.595 
202.565 202.564 202.595 202.549 202.585 202.521 202.557 202.664 202.551 202.601 202.597 202.606 202.604 202.689 202.549 202.557 202.621 202.595 202.562 202.68 202.549 202.606 202.665 202.663 202.62 202.563 202.608 202.624 202.597 202.625 202.61 202.521 202.557 202.625 202.624 202.691 202.604 202.586 202.593 202.625 202.612 202.555 202.549 202.614 202.59 202.615 202.518 202.557 202.576 202.566 202.595 
