1.86729e+09 1.2676e+09 1.61376e+09 8.71165e+08 1.83009e+09 2.31037e+09 9.41979e+08 1.70931e+09 2.22576e+09 1.4419e+09 1.60232e+09 2.33452e+09 1.72336e+09 1.96722e+09 1.84836e+09 1.34748e+09 1.34417e+09 1.39405e+09 9.35379e+08 1.20336e+09 1.16889e+09 1.50137e+09 1.49107e+09 1.6411e+09 1.2281e+09 2.05982e+09 1.5954e+09 8.95211e+08 1.40491e+09 1.64324e+09 1.41754e+09 1.82031e+09 1.02996e+09 1.47665e+09 8.45009e+08 2.3773e+09 2.10641e+09 1.36615e+09 7.72501e+08 2.03328e+09 1.11864e+09 1.87784e+09 1.40974e+09 8.86889e+08 1.32807e+09 1.77873e+09 1.20242e+09 1.26065e+09 9.36836e+08 6.54495e+08 1.54126e+09 
3.38512e+08 3.72826e+08 5.28291e+08 2.01314e+08 5.16507e+08 3.10025e+08 2.27386e+08 3.99215e+08 5.41486e+08 4.42186e+08 5.13661e+08 4.39917e+08 3.9679e+08 2.87933e+08 4.32807e+08 3.3337e+08 2.9653e+08 4.19257e+08 3.6882e+08 1.05961e+08 2.92559e+08 2.89281e+08 3.25524e+08 3.97236e+08 2.63671e+08 4.66686e+08 2.09471e+08 3.98597e+08 5.0878e+08 5.78656e+08 3.67572e+08 3.74499e+08 4.84997e+08 2.8538e+08 3.93964e+08 2.65326e+08 5.70881e+08 4.84679e+08 4.40433e+08 5.41301e+08 2.08539e+08 4.36126e+08 4.96118e+08 2.5148e+08 3.89449e+08 2.66545e+08 3.65331e+08 1.37476e+08 3.40425e+08 5.24578e+08 3.19446e+08 
1.08364e+08 1.30297e+08 1.10496e+08 9.99741e+07 1.06629e+08 7.66406e+07 1.49638e+08 7.46443e+07 1.24277e+08 4.60872e+07 1.65178e+08 1.32949e+08 9.33104e+07 1.23433e+08 1.05355e+08 5.01935e+07 9.87329e+07 1.13936e+08 6.55971e+07 7.24001e+07 1.35251e+08 6.77328e+07 1.13994e+08 1.08208e+08 6.97707e+07 1.42207e+08 9.84271e+07 7.21545e+07 1.1296e+08 1.26959e+08 6.50214e+07 5.05474e+07 7.0702e+07 4.95532e+07 9.98978e+07 1.32196e+08 1.53674e+08 8.26659e+07 1.11147e+08 1.40303e+08 1.02564e+08 1.32651e+08 1.15901e+08 6.93965e+07 9.10624e+07 7.21236e+07 9.55599e+07 5.74655e+07 1.48912e+08 8.60889e+07 8.45044e+07 
6.18791e+06 1.48991e+07 1.14659e+07 1.58631e+07 9.38942e+06 8.29691e+06 5.18765e+06 8.38606e+06 6.24087e+06 2.58364e+06 8.82738e+06 1.70404e+07 3.88315e+06 5.9703e+06 3.31531e+06 6.8078e+06 9.13838e+06 1.03136e+07 6.78276e+06 6.60689e+06 4.62881e+06 9.67846e+06 9.85675e+06 1.07965e+07 1.40947e+07 4.37876e+06 3.54569e+06 9.50742e+06 7.31694e+06 5.62628e+06 4.45656e+06 1.35438e+07 5.90374e+06 7.63373e+06 1.05325e+07 9.16482e+06 1.14432e+07 6.58013e+06 1.03414e+07 1.05244e+07 6.04125e+06 7.51987e+06 1.16073e+07 4.56405e+06 8.3896e+06 8.86786e+06 1.26025e+07 9.60145e+06 1.32965e+07 5.39161e+06 5.57583e+06 
17134 37344.7 9219.74 34482.2 26201.8 23800.5 17936.8 14162.6 19889.9 23583.9 38265.8 26070.3 13657.9 23787.9 27362.6 28712.5 20346.3 15893.3 22698.6 17686 22587.5 18933.9 35004 17692.5 14808.9 30411.3 15928.1 25203.6 24837 17227.9 16299.3 21009.6 16591 25130.7 20738.2 17451.6 8974.61 17925.8 13068.5 17608 22002 10902.6 17077.5 13730.2 40383.3 23533.8 30865.5 23632 23366.1 17041.9 11495.7 
0.0641965 0.117032 0.0297923 0.119285 0.065022 0.0305057 0.0651854 0.0372917 0.127042 0.152541 0.222781 0.0572909 0.0862598 0.0624742 0.105867 0.0596685 0.0362935 0.0739649 0.147901 0.0801616 0.0412055 0.0923121 0.0868577 0.0756667 0.0607014 0.0855233 0.0554722 0.0464977 0.188807 0.054613 0.0490104 0.0486895 0.0628628 0.117902 0.0594021 0.12628 0.223827 0.0624007 0.0629795 0.0635677 0.0974363 0.070855 0.142301 0.0573875 0.199324 0.115743 0.105697 0.12048 0.0389541 0.0397258 0.0954915 
1.03767e-07 3.87065e-07 2.71807e-08 1.17251e-07 7.71388e-08 1.25445e-07 1.50113e-07 1.76614e-07 1.22482e-07 2.08045e-07 3.12808e-07 9.86065e-08 1.85336e-07 1.13114e-07 1.91392e-07 8.276e-08 3.16314e-08 1.23552e-07 3.63183e-07 1.81711e-07 7.03124e-08 1.59135e-07 1.59649e-07 5.06751e-08 7.51383e-08 3.09703e-07 7.78199e-08 5.42961e-08 1.69329e-07 7.54669e-08 7.33286e-08 3.04701e-08 4.21952e-08 1.35041e-07 6.50624e-08 1.48981e-07 3.38525e-07 4.19923e-08 9.98529e-08 3.00631e-07 1.547e-07 1.41541e-07 1.2317e-07 4.74157e-08 2.99708e-07 8.18482e-08 2.45805e-07 5.24701e-08 1.34395e-07 1.14959e-07 1.11557e-07 
0 0 0 0 0 0 0 0 0 0 0 0 0 0 0 0 0 0 0 0 0 0 0 0 0 0 0 0 0 0 0 0 0 0 0 0 0 0 0 0 0 0 0 0 0 0 0 0 0 0 0 
0 0 0 0 0 0 0 0 0 0 0 0 0 0 0 0 0 0 0 0 0 0 0 0 0 0 0 0 0 0 0 0 0 0 0 0 0 0 0 0 0 0 0 0 0 0 0 0 0 0 0 
0 0 0 0 0 0 0 0 0 0 0 0 0 0 0 0 0 0 0 0 0 0 0 0 0 0 0 0 0 0 0 0 0 0 0 0 0 0 0 0 0 0 0 0 0 0 0 0 0 0 0 
0 0 0 0 0 0 0 0 0 0 0 0 0 0 0 0 0 0 0 0 0 0 0 0 0 0 0 0 0 0 0 0 0 0 0 0 0 0 0 0 0 0 0 0 0 0 0 0 0 0 0 
0 0 0 0 0 0 0 0 0 0 0 0 0 0 0 0 0 0 0 0 0 0 0 0 0 0 0 0 0 0 0 0 0 0 0 0 0 0 0 0 0 0 0 0 0 0 0 0 0 0 0 
0 0 0 0 0 0 0 0 0 0 0 0 0 0 0 0 0 0 0 0 0 0 0 0 0 0 0 0 0 0 0 0 0 0 0 0 0 0 0 0 0 0 0 0 0 0 0 0 0 0 0 
0 0 0 0 0 0 0 0 0 0 0 0 0 0 0 0 0 0 0 0 0 0 0 0 0 0 0 0 0 0 0 0 0 0 0 0 0 0 0 0 0 0 0 0 0 0 0 0 0 0 0 
