1053.6 1005.29 1045.28 1125.59 1177.15 984.497 1294.02 1134.93 904.666 1081.92 1116.73 1092.2 1163.37 1116.79 1280.18 1124.34 1114.87 1012.05 1097.51 1027.16 1069.3 1272.21 1031.25 1216.17 1024.82 936.048 1027.2 1178.35 1203.15 1038.63 1160.31 994.41 982.913 1048.07 1035.79 1052.91 964.53 1058.56 1084.98 1162.87 1123.92 1047.83 1069.68 1117.81 1044.38 1018.51 1131.89 1016.42 1019.39 1082.45 1136.18 
650.08 722.859 666.173 646.698 620.813 626.497 634.476 647.914 644.594 690.224 674.795 689.99 708.336 746.847 726.332 655.702 683.788 688.17 617.987 717.006 702.928 665.063 652.24 651.477 687.556 686.13 705.3 693.1 682.755 628.415 677.963 667.121 611.339 644.789 705.124 622.868 685.613 633.405 630.073 689.442 688.039 550.26 587.473 717.231 657.953 682.927 638.451 663.886 644.404 678.841 672.727 
505.319 477.039 500.197 508.665 482.372 494.374 480.99 503.407 475.651 504.272 502.419 489.743 515.137 517.185 537.166 480.183 497.662 520.507 502.383 510.569 501.163 525.931 506.285 491.386 503.521 488.064 512.788 504.983 506.711 506.658 507.796 518.094 521.502 498.364 534.745 493.115 524.447 510.911 495.307 509.491 503.558 461.714 494.673 484.666 505.348 478.137 502.88 505.054 511.68 490.764 506.77 
375.953 387.856 386.497 379.691 381.888 384.448 382.719 386.984 385.147 388.656 378.421 385.317 381.043 388.496 386.407 392.992 383.066 391.508 386.117 379.175 387.326 381.899 379.871 396.707 384.958 388.35 384.305 382.367 383.777 390.573 380.511 384.885 388.308 382.399 384.55 390.667 383.78 383.258 382.819 383.954 391.874 385.045 386.654 387.038 382.091 388.576 387.982 382.583 382.67 380.284 382.985 
345.144 345.231 345.325 345.25 345.079 345.246 345.498 345.445 344.996 345.362 345.268 345.054 345.697 345.296 345.386 345.338 345.039 345.363 345.451 345.138 344.973 345.313 345.144 345.792 345.236 345.101 345.382 345.223 345.469 345.456 344.984 345.148 345.364 345.124 345.389 345.111 345.296 345.387 345.198 345.195 345.323 345.144 345.233 345.189 345.117 345.172 345.1 345.305 345.374 345.181 345.165 
344.005 344.005 344.005 344.005 344.005 344.005 344.005 344.005 344.005 344.005 344.005 344.005 344.005 344.005 344.005 344.005 344.005 344.005 344.005 344.005 344.005 344.005 344.005 344.005 344.005 344.005 344.005 344.005 344.005 344.005 344.005 344.005 344.005 344.005 344.005 344.005 344.005 344.005 344.005 344.005 344.005 344.005 344.005 344.005 344.005 344.005 344.005 344.005 344.005 344.005 344.005 
344.005 344.005 344.005 344.005 344.005 344.005 344.005 344.005 344.005 344.005 344.005 344.005 344.005 344.005 344.005 344.005 344.005 344.005 344.005 344.005 344.005 344.005 344.005 344.005 344.005 344.005 344.005 344.005 344.005 344.005 344.005 344.005 344.005 344.005 344.005 344.005 344.005 344.005 344.005 344.005 344.005 344.005 344.005 344.005 344.005 344.005 344.005 344.005 344.005 344.005 344.005 
344.005 344.005 344.005 344.005 344.005 344.005 344.005 344.005 344.005 344.005 344.005 344.005 344.005 344.005 344.005 344.005 344.005 344.005 344.005 344.005 344.005 344.005 344.005 344.005 344.005 344.005 344.005 344.005 344.005 344.005 344.005 344.005 344.005 344.005 344.005 344.005 344.005 344.005 344.005 344.005 344.005 344.005 344.005 344.005 344.005 344.005 344.005 344.005 344.005 344.005 344.005 
344.005 344.005 344.005 344.005 344.005 344.005 344.005 344.005 344.005 344.005 344.005 344.005 344.005 344.005 344.005 344.005 344.005 344.005 344.005 344.005 344.005 344.005 344.005 344.005 344.005 344.005 344.005 344.005 344.005 344.005 344.005 344.005 344.005 344.005 344.005 344.005 344.005 344.005 344.005 344.005 344.005 344.005 344.005 344.005 344.005 344.005 344.005 344.005 344.005 344.005 344.005 
344.005 344.005 344.005 344.005 344.005 344.005 344.005 344.005 344.005 344.005 344.005 344.005 344.005 344.005 344.005 344.005 344.005 344.005 344.005 344.005 344.005 344.005 344.005 344.005 344.005 344.005 344.005 344.005 344.005 344.005 344.005 344.005 344.005 344.005 344.005 344.005 344.005 344.005 344.005 344.005 344.005 344.005 344.005 344.005 344.005 344.005 344.005 344.005 344.005 344.005 344.005 
344.005 344.005 344.005 344.005 344.005 344.005 344.005 344.005 344.005 344.005 344.005 344.005 344.005 344.005 344.005 344.005 344.005 344.005 344.005 344.005 344.005 344.005 344.005 344.005 344.005 344.005 344.005 344.005 344.005 344.005 344.005 344.005 344.005 344.005 344.005 344.005 344.005 344.005 344.005 344.005 344.005 344.005 344.005 344.005 344.005 344.005 344.005 344.005 344.005 344.005 344.005 
344.005 344.005 344.005 344.005 344.005 344.005 344.005 344.005 344.005 344.005 344.005 344.005 344.005 344.005 344.005 344.005 344.005 344.005 344.005 344.005 344.005 344.005 344.005 344.005 344.005 344.005 344.005 344.005 344.005 344.005 344.005 344.005 344.005 344.005 344.005 344.005 344.005 344.005 344.005 344.005 344.005 344.005 344.005 344.005 344.005 344.005 344.005 344.005 344.005 344.005 344.005 
344.005 344.005 344.005 344.005 344.005 344.005 344.005 344.005 344.005 344.005 344.005 344.005 344.005 344.005 344.005 344.005 344.005 344.005 344.005 344.005 344.005 344.005 344.005 344.005 344.005 344.005 344.005 344.005 344.005 344.005 344.005 344.005 344.005 344.005 344.005 344.005 344.005 344.005 344.005 344.005 344.005 344.005 344.005 344.005 344.005 344.005 344.005 344.005 344.005 344.005 344.005 
344.005 344.005 344.005 344.005 344.005 344.005 344.005 344.005 344.005 344.005 344.005 344.005 344.005 344.005 344.005 344.005 344.005 344.005 344.005 344.005 344.005 344.005 344.005 344.005 344.005 344.005 344.005 344.005 344.005 344.005 344.005 344.005 344.005 344.005 344.005 344.005 344.005 344.005 344.005 344.005 344.005 344.005 344.005 344.005 344.005 344.005 344.005 344.005 344.005 344.005 344.005 
