4.08769 4.30631 4.67067 3.92787 4.62565 4.00464 4.20541 4.86118 4.42167 4.10111 4.75523 3.22968 3.83699 3.18312 3.85358 3.32059 3.27772 3.95353 3.33073 4.26858 4.4808 4.33898 4.08208 4.05876 4.19827 3.86575 4.65711 3.36205 4.67011 3.57843 3.5565 4.27253 3.21666 4.19335 3.56425 3.16212 4.38954 3.93909 4.11765 3.48646 3.84181 4.01845 3.78655 3.25326 4.70858 3.57797 3.93216 2.64741 4.09088 3.5383 3.80041 
4.08769 3.73841 4.67067 3.92787 4.16976 4.00464 4.09229 4.08031 4.36185 4.10111 4.20687 3.22968 2.29241 3.18312 3.85358 3.32059 3.27772 3.95353 3.33073 4.17757 4.4807 3.69086 3.85333 4.05876 3.97778 3.86575 4.15609 3.36205 3.94909 3.43072 3.5565 4.20872 3.21666 3.75357 2.94325 3.16212 3.4192 3.93909 3.78653 3.48646 3.84181 3.50812 3.78655 3.25326 4.39152 3.57797 3.8924 2.64741 4.09088 3.5383 3.78669 
3.62027 3.73841 3.77919 3.92787 3.45029 3.51449 4.07445 3.73725 2.5741 3.75625 4.20687 3.22968 2.29241 3.18312 3.45702 3.24719 3.27772 3.55906 3.33073 4.06419 4.47942 3.69086 3.85333 3.44907 3.97778 3.86575 2.62394 3.36205 3.37493 3.35897 3.37219 3.53001 3.06527 3.33272 2.94325 3.16212 3.4192 3.0269 3.2001 2.93808 3.44874 3.03751 2.67906 3.25326 4.39152 3.57797 3.8924 2.64741 3.50457 3.5383 3.47702 
3.62027 3.4465 3.71562 3.92787 3.45029 3.51449 4.00599 3.51868 2.5741 3.75625 3.25405 3.22968 2.29241 3.18312 3.45702 3.24719 3.27772 3.46288 3.33073 4.06419 3.38873 3.49843 3.29414 3.44907 3.86349 3.86575 2.62394 3.04113 3.37493 3.35897 3.37219 3.09846 3.06527 3.33272 2.94325 3.16212 2.98717 2.95294 3.2001 2.93808 3.44874 3.03751 2.67906 3.12343 3.82789 3.57797 3.24375 2.64741 3.22674 3.39988 3.47702 
3.34768 3.4465 3.71562 3.14136 3.45029 3.16476 3.47249 3.34672 2.5741 3.50567 3.25405 3.22968 2.29241 3.15132 3.45702 3.01492 3.27772 3.33353 3.33073 3.48142 3.38873 3.49843 2.68984 2.82119 3.32908 2.76978 2.62394 3.04113 3.12052 3.32066 3.37219 3.05979 3.06527 3.33272 2.94325 3.16212 2.98717 2.95294 3.2001 2.86176 3.32792 3.03751 2.67906 3.12343 2.76057 3.31197 2.76046 2.64741 3.22674 3.39988 2.84922 
2.20259 3.34658 3.29406 2.18369 3.45029 3.16476 3.25091 3.34672 2.5741 3.50567 2.92999 2.9274 2.29241 3.15132 2.99106 3.01492 3.00427 3.28316 2.92126 2.64157 3.07267 3.42921 2.68984 2.82119 2.95708 2.76978 2.62394 3.04113 3.12052 2.74262 2.84349 3.05979 2.27849 3.08176 2.94325 2.86465 2.57564 2.95294 2.8115 2.86176 3.32613 3.03751 2.67906 3.12343 2.76057 3.31197 2.76046 2.64741 3.04045 3.22076 2.84922 
2.20259 3.17418 2.75628 2.18369 3.45029 3.16476 2.85309 2.91084 2.5741 3.50567 2.76036 2.9274 2.29241 3.05353 2.88797 3.01492 3.00427 3.28316 2.89211 2.64157 2.152 3.17964 2.68984 2.82119 2.86752 2.76978 2.62394 2.6175 2.93832 2.74262 2.84349 3.02157 2.27849 3.05976 2.94325 2.86465 2.57564 2.95294 2.8115 2.59712 2.91657 3.03751 2.67906 3.12343 2.76057 2.79622 2.76046 2.64741 3.04045 3.08329 2.84922 
2.20259 3.17418 2.75628 2.18369 2.95943 3.16476 2.85309 2.63635 2.5741 3.40054 2.76036 2.48941 2.29241 3.05353 2.88797 2.86214 3.00427 3.28316 2.89211 2.64157 2.152 2.80403 2.68984 2.82119 2.86752 2.69179 2.14604 2.6175 2.93832 2.65432 2.84349 3.02157 2.27849 2.04264 2.90397 2.86465 2.53956 2.80013 2.8115 2.10473 2.49898 2.96396 2.67906 1.8653 2.76057 2.79622 2.76046 2.64741 2.74383 3.07239 2.81339 
2.20259 1.78147 2.75628 2.18369 2.66989 1.88705 2.61598 2.63635 2.5741 2.84595 2.76036 2.48941 1.54415 2.09987 2.88797 2.86214 2.23766 2.72548 2.79622 2.64157 2.152 2.80403 2.12758 2.59962 2.86752 2.56996 2.14604 1.84043 2.93832 2.0879 2.84349 3.02157 2.05938 2.04264 2.90397 2.86465 2.39658 2.80013 2.45097 1.9858 2.49898 2.77812 2.46788 1.8653 1.80432 2.79622 2.76046 2.08269 2.52539 2.75179 2.54196 
1.75399 1.04178 2.75628 1.83477 1.07095 1.88138 2.18256 2.16387 1.88342 2.84595 2.76036 1.02804 1.48527 2.09987 1.88646 2.72627 1.87207 1.10641 2.748 1.8968 2.152 2.80403 0.837351 2.52641 2.77204 1.0715 2.01136 1.15865 2.48582 1.24883 2.4453 2.53742 1.64472 0.980643 2.51863 2.26131 2.30077 2.80013 2.39194 1.69775 2.0461 2.11033 1.33726 1.7876 1.80432 1.41984 2.6222 2.08269 1.4889 2.75179 0.960243 
1.6596 0.665183 2.35317 1.74219 0.877006 0.983201 1.07143 1.58285 0.73812 2.35907 2.57149 0.760507 0.934068 1.51796 0.899796 2.25261 1.64202 0.765435 1.90733 0.815524 2.02459 2.09596 0.589062 1.21725 2.06439 0.719731 1.83147 0.820705 2.13689 0.642332 1.88927 0.972712 0.936412 0.663772 2.20945 1.76832 1.06334 2.63193 2.05133 0.887644 1.07065 2.06107 0.821292 1.47946 1.67885 0.737888 1.79352 0.991937 0.884328 2.75179 0.825663 
0.58492 0.513158 1.99219 0.779591 0.588849 0.589964 0.590922 0.801763 0.543797 1.89353 1.95082 0.484643 0.610965 0.744676 0.594234 2.07495 0.679815 0.520304 1.27656 0.669329 0.645605 0.840037 0.528574 0.743917 1.81664 0.511114 0.849133 0.603743 1.95391 0.498187 1.57196 0.507903 0.509249 0.53848 0.987721 0.856357 0.731225 2.5943 1.48768 0.568899 0.58814 0.852388 0.589634 0.690369 1.50105 0.539277 0.905798 0.808144 0.540687 1.5368 0.513197 
0.440882 0.361346 0.71501 0.36896 0.37698 0.386321 0.390552 0.365297 0.387113 1.75275 1.95082 0.290836 0.355487 0.43792 0.476648 1.72858 0.469557 0.351121 0.608137 0.349243 0.376425 0.685772 0.350299 0.525815 1.70587 0.249566 0.380303 0.479103 1.11735 0.395766 0.319602 0.283165 0.35094 0.285906 0.517213 0.46798 0.551638 2.5943 0.527078 0.365997 0.377791 0.487689 0.313835 0.373247 1.38278 0.363875 0.505381 0.384127 0.3636 0.573465 0.333422 
0.15612 0.191599 0.172586 0.151185 0.145253 0.145035 0.125704 0.159083 0.0960517 0.21974 0.225601 0.144655 0.100979 0.137509 0.148308 0.156369 0.0712742 0.103998 0.117256 0.0631892 0.154927 0.136623 0.208382 0.108411 0.193888 0.0617193 0.189282 0.104045 0.19747 0.138939 0.0614439 0.200395 0.147596 0.146405 0.194037 0.220351 0.135602 0.343952 0.0941338 0.157134 0.155201 0.205891 0.105701 0.173992 0.085335 0.122523 0.180838 0.134984 0.0897348 0.113567 0.157343 
