21.2032 21.1223 21.1469 21.1926 21.1484 21.0596 21.1742 21.1832 21.1512 21.0966 21.1964 21.1141 21.0446 21.0945 21.1332 21.1083 21.0813 21.06 21.1529 21.0362 21.2466 21.1503 21.1855 21.1872 21.0859 21.1994 21.128 21.1552 21.2146 21.164 21.2213 21.1627 21.0969 21.1376 21.1789 21.1221 21.1863 21.1548 21.0837 21.1469 21.15 21.1166 21.171 21.2153 21.2668 21.2218 21.2235 21.0984 21.0747 21.1248 21.2102 
21.1492 21.1223 21.097 21.1926 21.1308 21.0596 21.1742 21.1832 21.1387 21.0966 21.1347 21.1141 21.0446 21.0945 21.1332 21.1083 21.039 21.06 21.1529 21.0362 21.206 21.1503 21.1528 21.1628 21.0859 21.1994 21.128 21.1552 21.0867 21.0874 21.1976 21.1534 21.0208 21.0634 21.156 21.1221 21.0807 21.0308 21.0837 21.1469 21.15 21.0537 21.1093 21.2153 21.1611 21.1885 21.1324 21.0984 21.0747 21.1248 21.2102 
21.1426 21.1223 21.0595 21.1729 21.1091 21.0596 21.1649 21.1832 21.1387 21.0966 21.1347 21.1141 21.0446 21.0945 21.1315 21.1083 21.039 21.06 21.1191 21.0362 21.1156 21.1503 21.1528 21.1569 21.0859 21.1622 21.0641 21.1552 21.0867 21.0874 21.1489 21.1534 21.0208 21.0634 21.156 21.1221 21.0807 21.0308 21.0837 21.1469 21.15 21.0537 21.1093 21.1242 21.1254 21.1885 21.1324 21.0984 21.0747 21.1131 21.084 
21.0722 21.0573 21.0595 21.123 21.1091 21.0596 21.1363 21.0833 21.1387 20.893 21.0607 21.1141 21.0446 21.0945 21.1315 21.1083 20.9763 21.06 21.0804 21.0362 21.1156 21.06 21.1528 21.1569 21.0859 21.1608 21.0641 20.9944 21.0867 20.982 21.1489 21.1025 21.0208 21.0288 21.0356 21.1221 21.0719 21.0308 21.0837 21.1127 21.068 21.0537 20.9815 21.1032 21.1254 21.0533 21.0052 21.0683 21.0154 21.1075 21.084 
21.0722 21.0573 21.0546 21.123 21.0097 21.0596 21.105 21.0833 21.1279 20.893 21.0326 21.1002 21.0446 21.0199 21.1315 21.1045 20.9763 21.06 21.0704 20.9584 21.0708 21.06 21.1528 21.1143 21.0859 21.1494 21.0641 20.9944 21.0867 20.982 21.0603 21.1025 20.9848 21.0288 21.0356 20.9977 21.0719 20.8396 21.0837 21.0957 21.068 20.9212 20.9815 21.0656 21.108 21.0533 21.0052 21.0683 21.0154 21.1075 21.084 
21.0722 20.9847 21.0507 21.0556 20.9378 21.0596 21.0362 21.0833 21.079 20.893 21.0326 21.1002 21.0446 21.0199 21.0898 21.0323 20.9763 21.06 21.0704 20.9584 20.9384 21.0133 20.9751 21.0682 21.0859 21.063 21.0554 20.9944 20.9791 20.982 21.0603 20.9669 20.9848 21.0288 20.8893 20.9977 21.0719 20.8396 21.0128 21.0957 21.013 20.9212 20.9815 21.0288 21.0295 21.0113 21.0052 20.8888 21.0154 21.1075 21.0131 
20.9728 20.9785 21.0507 21.0536 20.9378 21.0596 20.9989 21.0415 21.0699 20.893 21.0326 21.0402 21.0446 21.0181 20.9387 21.0323 20.9763 21.046 21.0278 20.9584 20.9384 21.0133 20.9751 20.9855 21 21.0002 21.0554 20.9944 20.9791 20.982 21.0148 20.9669 20.9848 21.0288 20.8893 20.9318 21.049 20.8396 21.0128 21.0446 21.013 20.9212 20.902 21.0288 20.97 20.8751 21.0052 20.8641 21.0154 21.0494 21.0131 
20.9728 20.9785 21.0086 21.0536 20.9378 20.9938 20.9989 20.9884 21.0608 20.893 21.0326 21.0402 21.0446 20.993 20.9387 21.0323 20.9763 21.046 20.995 20.9584 20.9384 21.0133 20.9751 20.9855 20.9717 21.0002 21.0082 20.9944 20.9704 20.982 21.0148 20.9669 20.9848 21.0139 20.8893 20.9318 20.9872 20.8396 20.8927 21.0107 21.013 20.9212 20.902 21.014 20.97 20.8751 21.0052 20.8641 21.0154 21.0494 21.0131 
20.9728 20.9785 20.9789 20.9633 20.9378 20.9938 20.9989 20.9884 21.0588 20.893 21.0326 21.0402 20.9434 20.9842 20.9387 21.0323 20.9763 21.0122 20.995 20.9584 20.9329 20.9264 20.9751 20.9855 20.9717 21.0002 21.0082 20.9944 20.9665 20.982 21.0148 20.9669 20.9848 21.0139 20.8893 20.9318 20.9872 20.8396 20.8927 21.0107 21.013 20.9212 20.902 20.9791 20.97 20.8751 21.0052 20.8641 20.9425 21.0434 21.0131 
20.9728 20.9785 20.9789 20.9633 20.9378 20.9938 20.9989 20.9884 21.0276 20.893 21.0326 20.9071 20.9434 20.9842 20.9387 21.0323 20.913 21.0122 20.995 20.9584 20.9329 20.9264 20.9751 20.9855 20.9717 20.8268 21.0082 20.9944 20.9665 20.982 21.0148 20.9669 20.8343 21.0139 20.8893 20.9318 20.9872 20.8396 20.8927 21.0107 21.013 20.9212 20.902 20.9791 20.97 20.8751 21.0052 20.8641 20.606 21.0434 21.0131 
20.9728 20.9785 20.9704 20.9633 20.9378 20.9938 20.9989 20.9884 21.0276 20.893 21.0326 20.9071 20.9434 20.6016 20.9387 20.9979 20.5554 21.0122 20.995 20.9584 20.89 20.9264 20.9751 20.9855 20.9717 20.5455 21.0082 20.9944 20.575 20.982 21.0076 20.9669 20.8343 21.0139 20.8893 20.9318 20.9838 20.8396 20.8927 21.0107 20.9989 20.9212 20.902 20.9791 20.97 20.8751 21.0052 20.8641 20.4549 21.0247 21.0131 
20.8577 20.9785 20.9704 20.9633 20.9378 20.9938 20.9989 20.9823 20.9448 20.893 21.0326 20.9071 20.8729 20.4186 20.9387 20.9979 20.3993 20.9948 20.995 20.9584 20.89 20.9264 20.9751 20.9564 20.9717 20.326 21.0056 20.9233 20.411 20.9691 21.0076 20.9669 20.8343 21.0139 20.8893 20.9318 20.9838 20.8396 20.8927 20.9789 20.9989 20.9212 20.902 20.9791 20.4793 20.8751 21.0052 20.8641 20.4054 21.0247 21.0131 
20.8481 20.2747 20.9495 20.821 20.4854 20.9769 20.9685 20.9823 20.9448 20.893 20.9716 20.9071 20.637 20.3634 20.9387 20 20.3361 20.9948 20.7156 20.0014 20.0035 20.7201 20.902 20.0545 20.8065 20.2903 20.8903 20.3484 20.3677 20.2195 20.7701 20.9669 20.702 20.9894 20.7221 20.9318 20.9317 20.1261 20.8927 20.0039 20.6759 20.0359 20.0783 20.9124 20.3836 20.4393 20.9809 20.8641 20.2893 21.007 20.9798 
20.0179 20.0129 20.2166 20.0267 20.1319 20.0816 20.2166 20.0186 20.2606 20 20 20 20 20.2837 20.0337 20 20.2566 20.2474 20.0553 20 20 20.066 20.0116 20 20 20.0601 20.0706 20 20.1817 20 20 20.1167 20.0005 20.1949 20 20.0489 20.0716 19.9996 20.071 20 20.0101 20 20 19.9998 20.1318 20 20.2268 20.4153 20.0001 20 20.0038 
