14656.3 14254.8 14360.4 15340.4 15537.5 14807.6 14280 14311.4 15419.6 14528 15367.2 13694.7 14522.4 15118.1 15008.7 14504.5 15072.8 14526.7 14219.2 15101 14386.1 15068.6 15101.6 14917.7 14214.6 14644.4 15074.5 15056.6 14701.3 14723.7 14793.9 14534.3 14959.9 15092 14292.6 14998.9 14856.2 15282.3 14089.5 14917.6 15290.8 15065.9 15038.4 14658.2 14952.5 15051.4 14797.2 14649.3 15176 15016.1 15285 
14656.3 14254.8 14360.4 14560.3 14935.7 14425.4 13947.9 14311.4 14467.2 13997.1 15077.7 13694.7 14255.2 14559.4 14328.3 14504.5 14401.4 14526.7 14219.2 14629.1 14386.1 14621.4 15101.6 14310.8 14214.6 14644.4 13169.6 14709 14701.3 14327.7 14723.8 14534.3 14959.9 13845.1 14238 14998.9 14349.4 13768.8 14089.5 14917.6 14762.4 13761.7 15038.4 14658.2 13398.5 14858.9 14613.7 14649.3 14969.8 15016.1 14759.5 
14656.3 14254.8 13905 14560.3 14935.7 13783.9 13161.2 14311.4 14310.9 13997.1 14092.8 13694.7 14255.2 14150.4 14328.3 14278.6 14401.4 14526.7 14219.2 14047.7 13985.8 14567.7 14333.1 14310.8 14214.6 14464.1 13169.6 14709 14701.3 13752.4 14723.8 14524.6 14959.9 13845.1 14238 14347.1 14349.4 13768.8 14089.5 14917.6 14714.7 13761.7 14784.6 14562.8 13398.5 14463 14613.7 14086.1 13835.7 14319.9 13986.6 
14656.3 14254.8 13905 14560.3 14461 13437.5 13161.2 14311.4 14264.1 13997.1 14092.8 13694.7 14255.2 14150.4 14328.3 14167.2 14401.4 14499.4 14219.2 13909.6 13985.8 14331.6 14333.1 13986.2 14214.6 14464.1 13169.6 14277.8 14616.7 13752.4 14210.5 14358.9 14627.3 13644.1 13969.4 14162.3 14349.4 13768.8 14089.5 13914.8 13567.1 13761.7 14638.1 14075 13377.9 14463 14382.3 13814.1 13835.7 14319.9 13986.6 
14497.7 14199.3 13905 13963.4 13937.4 13437.5 13161.2 14203.6 13460.2 13997.1 14092.8 13694.7 13227.5 14150.4 13891.2 14041.8 13775.5 13657.6 14057.4 13859 13919.4 14029.2 14323.4 13493.3 14198.3 13795.5 13169.6 13909.5 14041.9 13752.4 13988.1 12949.6 14567.1 13644.1 13969.4 14162.3 13304.1 13076.4 14089.5 13914.8 13567.1 13761.7 14002.5 13240.4 13377.9 13739.4 13983.4 13376.1 13373.5 13858.5 13986.6 
13770 14193.5 13864.4 13710.7 13091.6 13437.5 13161.2 14035.3 13460.2 13560.4 13571.8 13694.7 13227.5 12688.6 13824.1 14041.8 13184.2 13657.6 13627.6 13859 13447.6 13694.2 13987.5 13321.5 13282.4 13795.5 13169.6 13710.3 13731.5 13752.4 13722.7 12949.6 13430.5 13044.6 13633.7 13744.4 13304.1 13076.4 13826.4 13302.3 13567.1 13761.7 13484.4 13240.4 12947.9 13554.4 12876.4 13376.1 12801.9 13229.7 13283.4 
13377.9 13324.8 12825.5 13068.9 13091.6 13198.3 12911.6 13106 13384.1 13437 13042.2 13273.6 13227.5 12218.4 13574.6 13694 13116.4 13426.9 13519.6 13272 13070.2 12607.7 13651 13263.6 12562 13585.3 13169.6 13262.5 13012.8 13607.5 13147.7 12868 12808 13044.6 13298.7 13192.9 13123.2 12684.7 13241 12809 13138.7 13122.8 13253.1 13240.4 12737 13380.3 12876.4 12916.9 12801.9 13229.7 12592.7 
12151.5 12428.6 12169.3 12648.6 12398 12681.6 12347.1 12153.9 12617.6 12603.3 12883.8 12334.2 12147.7 12218.4 12519.1 11749 12558.8 12327.1 12505.1 12209.7 12620.4 12560.3 12078.1 12167.9 12281 12285.6 12109.2 12022.5 12879.4 12136.1 12609.5 12178.9 11319.6 11782.3 12285 12889.9 12973.3 12237.7 12671.7 12314.2 12549.8 12440.2 12200.4 12825.3 12648.2 12451.9 12657.4 12391.4 10772.2 12404.9 10930.3 
11392.5 11825.4 11102.6 11818.1 11562.7 11900 11786.3 11344.2 11659.8 11676.7 11121.6 11905.1 11263.4 12202.2 11564.2 11358.6 12105.7 11825.1 11610.6 11218.1 12513 11839.9 11936.4 12160.7 12020.1 11738.5 11048.3 11397.7 12170.4 11002.2 12098.7 11743 10966 11710.2 11194.6 11532.9 11680.2 11795.6 11926 11999.3 11837.5 11661.6 11607 12190.7 11695.8 11442.4 11982.5 11593.7 10630 11328.5 10930.3 
9735.32 10565.5 10822.5 10876.6 11133.5 11662.1 10879.4 10128.2 10784.2 10179 10806 10908.8 10502.5 11381.6 11118.7 10381.8 10561.1 11597 11427.6 11111.9 11603.9 11114.8 11609.3 11259 10986.2 11161.6 10847 10874.5 11292.8 10567.4 11300.5 11392.4 10185.5 11102 10835.3 11221 10633.3 11563.4 11073.7 10734.2 11075.8 10677.8 10756.8 10453 10958.3 10355.2 11107.7 10327.6 10319.2 10620.9 10859.9 
8767.51 8275.12 8051.71 9420.01 10484.6 10910.8 9266.36 8644.62 8540.25 7606.5 9987.11 9552.79 8519.1 10568.7 8795.52 9583.69 9295.71 10557.3 9628.63 10350 9076.65 9382.34 8718.84 10354.5 8842.4 8740.81 8785 8871.99 8296.6 9023.21 8420.63 10090.3 8278.23 10798.1 8899.19 9450.15 8303.21 9848.35 8966.64 8452.99 9176.27 9893.02 8023.12 8271.58 10009.4 8399.79 8432.87 8126.01 10194.3 8214.75 9026.39 
7160.68 7143.83 6968.74 7309.62 8063.22 8364.19 7566.8 6764.74 7460.29 6511.99 6804.52 6774.34 7109.64 7743.14 7853.16 7698.47 7052.81 7347.29 7303.45 7121.76 7087.17 7886.46 7566.79 7578.32 7386.98 6842.36 7041.4 7245.11 6691.19 7419.11 7396.72 7576.57 7144.62 8329.78 6988.49 7560.12 6066.67 7975.79 7044.66 6729.92 7277.93 7753.23 6399.42 7097.6 7144.72 7039.98 7245.62 6618.03 7694.17 6638.81 7408.75 
5331.34 4749.55 5451.12 5488.77 5824.05 6078.7 5533.37 5143.73 6050.77 4506.6 5314.91 5186.72 5255.35 5461.36 5874.68 5509.45 5284.21 5669.81 5383.6 5776.48 5283.16 5770.97 5343.22 5108.12 5614.8 4885.53 5419.65 5491.15 4873.79 5610.91 5506.34 4596.66 5241.47 6370.79 4438.14 5098.01 5267.22 4565.23 4713.05 5863.8 5258.13 5753.43 5174.11 5533.31 5771.94 5092.99 5544 5100.38 5984.66 5126.99 5703.21 
2984.74 3124.86 2080.92 3599.93 2916.08 3336.81 2770.16 2985.56 3429.12 2891.66 3140.62 2808.59 2585.09 2792.77 3495.35 3303.63 3142.53 3231.71 3275.99 2684.42 3000.34 3479.92 2889.69 2958.87 3010.87 3465.2 2955.96 2565.63 2798.76 3220.9 3662.55 2834.21 3547.6 3254.34 2276.47 3120.14 2090.36 2886.18 1823.41 3070.27 3301.21 3254.04 3202.11 2497.28 2552.04 2884.34 3099.57 2940.52 2872.77 2581.65 2223.47 
