1.72537e+09 1.62034e+09 1.73906e+09 1.55115e+09 1.68326e+09 1.70206e+09 1.65845e+09 1.42977e+09 2.15556e+09 1.92153e+09 1.6458e+09 1.67708e+09 1.68951e+09 1.37881e+09 1.64103e+09 1.33977e+09 2.1727e+09 1.59182e+09 1.37236e+09 1.73755e+09 1.47323e+09 1.52471e+09 1.74632e+09 1.75636e+09 1.43585e+09 1.63881e+09 1.42259e+09 1.72169e+09 1.53459e+09 1.38188e+09 1.24263e+09 1.71292e+09 2.22641e+09 1.80082e+09 1.86641e+09 1.98347e+09 1.4893e+09 1.32523e+09 1.52587e+09 1.97895e+09 1.29743e+09 1.56307e+09 1.63159e+09 1.56126e+09 1.82416e+09 1.30565e+09 1.63101e+09 1.26928e+09 1.79793e+09 1.77864e+09 1.4133e+09 
6.9931e+08 6.53034e+08 7.80053e+08 5.97647e+08 7.84308e+08 6.74752e+08 8.06247e+08 6.77512e+08 8.81614e+08 7.217e+08 7.84911e+08 6.74855e+08 7.88309e+08 7.44299e+08 8.69886e+08 7.66198e+08 7.18175e+08 5.80201e+08 9.21563e+08 9.23215e+08 8.01861e+08 7.4296e+08 6.34775e+08 8.3849e+08 7.68666e+08 7.49305e+08 9.06173e+08 8.06652e+08 8.50539e+08 7.73312e+08 8.56155e+08 4.55512e+08 7.24396e+08 7.48347e+08 7.69735e+08 8.10913e+08 6.96816e+08 6.00909e+08 7.73734e+08 8.75336e+08 6.88149e+08 6.55073e+08 4.6177e+08 7.23257e+08 7.80228e+08 5.49922e+08 6.77567e+08 7.38919e+08 8.07107e+08 7.47369e+08 9.05363e+08 
3.61207e+08 3.46207e+08 3.4875e+08 5.69896e+08 4.299e+08 4.10642e+08 3.01878e+08 2.89034e+08 5.24942e+08 3.71971e+08 4.32893e+08 4.11429e+08 3.94082e+08 3.85015e+08 4.35924e+08 3.47737e+08 4.2727e+08 2.9829e+08 3.9462e+08 4.0504e+08 4.19547e+08 3.97071e+08 4.18757e+08 4.10834e+08 4.78615e+08 4.62148e+08 2.94359e+08 4.49589e+08 3.87952e+08 4.5223e+08 2.95405e+08 3.96304e+08 3.63328e+08 4.95014e+08 5.37171e+08 4.25047e+08 2.60874e+08 3.50405e+08 2.91069e+08 4.52427e+08 4.21487e+08 3.80337e+08 3.71175e+08 4.69263e+08 4.48828e+08 3.08343e+08 4.51785e+08 3.24094e+08 4.46964e+08 4.46152e+08 5.35573e+08 
1.12446e+08 1.4763e+08 1.25567e+08 1.47233e+08 9.25926e+07 8.6112e+07 1.1924e+08 1.34526e+08 1.31259e+08 1.21752e+08 1.25746e+08 1.05579e+08 1.29496e+08 1.26494e+08 1.14529e+08 1.35433e+08 1.16606e+08 1.55365e+08 1.51841e+08 1.11336e+08 1.30248e+08 1.42637e+08 9.77864e+07 1.52905e+08 1.30887e+08 1.20958e+08 1.16641e+08 1.30996e+08 1.39379e+08 1.49448e+08 9.49314e+07 1.11846e+08 1.12684e+08 1.35684e+08 1.4856e+08 1.42985e+08 1.01609e+08 1.35738e+08 1.40579e+08 1.44515e+08 1.23529e+08 1.04976e+08 1.42113e+08 1.32698e+08 1.58524e+08 1.19183e+08 1.28839e+08 1.07149e+08 1.28578e+08 1.35399e+08 1.09438e+08 
7.86747e+06 8.42091e+06 6.19526e+06 7.87929e+06 6.9094e+06 5.7057e+06 5.80487e+06 9.74684e+06 7.04241e+06 6.77826e+06 6.04833e+06 6.59423e+06 7.32547e+06 6.68063e+06 7.67206e+06 7.54366e+06 6.81595e+06 4.88301e+06 7.04178e+06 5.17402e+06 5.03438e+06 8.188e+06 8.70337e+06 5.05785e+06 7.20679e+06 6.16712e+06 5.60771e+06 7.14068e+06 8.29972e+06 7.05406e+06 6.41206e+06 5.0561e+06 4.37908e+06 8.4426e+06 7.03934e+06 7.86729e+06 5.63732e+06 5.27095e+06 7.16146e+06 6.7538e+06 7.2923e+06 6.04318e+06 6.10804e+06 6.19434e+06 7.80679e+06 6.21631e+06 7.19307e+06 4.73254e+06 7.73417e+06 8.2364e+06 9.25039e+06 
488752 359708 483691 266860 406762 123929 246901 372516 393503 287785 238948 215291 270699 224015 427961 299196 197001 187716 338952 242376 116610 323237 509558 286734 114174 321652 344129 375279 296760 777486 198073 285909 146605 242504 326337 243830 100777 282143 213536 387011 199944 221823 399786 214515 320056 137307 392047 297513 765433 213207 297419 
81495 82498.6 106409 43545.5 141551 28229.4 102033 88835.5 100472 47815.9 80164.5 55755 30182.9 84083.2 59447.4 56606 33845.8 59141.4 108341 33889.8 30056.3 75750.9 139027 71020.9 22439.2 119212 72616.4 78755.4 90682.6 178202 53554.1 86676.4 26087.4 41934.9 70964.2 27296.1 16167.2 126224 56575.3 79328.2 32641.9 42951.8 55500 60188.2 70318.4 30499.3 124859 36485.1 160610 39482.4 44233.9 
39623.3 27278.2 27461.8 11719.4 90807.5 15848.9 55415.8 29564.8 51458.5 17385.1 28952.2 15015 7173.48 17121.5 22156 25956.2 5753.07 13192.5 71662.2 11331.5 6608.87 32470.9 39880.2 29079.9 5812.55 15750.8 40722.4 24649.8 48051.4 82189.6 11514.2 19608.3 5930.32 13674 39263.5 12151.1 8446.81 44385.2 27772.6 43094.5 11351.4 13926.1 9981.12 27607.4 34989.9 15000 49528.1 4617.25 45609 10352.1 11464.6 
21734.5 12552.7 8422.22 3181.09 43710.2 5148.78 27190 8192.82 28617.3 9225.59 16421 8900.96 3668.55 9021.55 3391.38 16526 2122.17 4762.17 26018.7 5628 1240.52 14363.1 21185.2 17958.3 993.285 4989.58 20805.1 8730.37 20276.5 44772.4 8495.03 9465.73 1964.07 3840.78 14706.4 4848.48 3508.04 16284.4 15698.1 24162.1 8761.74 5387.96 2775.2 11344.4 18904.1 8168.73 13222.6 1597 17725.2 3505.52 4627.38 
8749.39 8366.16 4560.99 1150.24 16641.8 2090.8 19169.5 2594.79 11876.1 5437.78 14462.2 6711.1 2145.77 5401.11 1874.31 9858.77 1244.65 3034.5 10832.5 3109.95 368.272 11237.9 13024.2 8945.1 513.672 3003.24 11396.8 3899.81 10341.7 24366.6 5318.15 7617.25 1339.39 838.499 8936.12 2413.27 1900.29 9468.37 9582.02 16165.6 6526 3567.07 1043.63 7118.18 10280.2 4770.42 2829.01 928.743 8912.78 1461.63 1819.96 
5606.86 4674.33 3270.9 296.044 10165.5 1158.42 16143.2 1228.72 7061.1 2764.37 13173 4468.96 965.665 3193.28 1538.02 7972.27 835.88 2354.17 6148.01 2069.75 187.058 9388.1 11436.6 4837.43 371.684 2071.19 7671.73 1207.57 5411.71 18280.5 4038.87 6374.09 960.146 502.048 4833.56 1316.05 955.845 4602.96 5819.76 14960.2 4957.57 2621.68 572.041 6311.25 5319.24 2098.26 1132.49 604.687 7498.63 1085.11 987.736 
4632.96 3098.4 2623.33 177.061 5926 660.126 10797.8 769.816 4389.64 1657.35 11704.2 3113.86 573.444 2214.82 1295.29 6563.67 742.095 2050.29 3656.34 1639.54 76.6913 7783.92 8840.19 3189.15 311.842 1367.12 4917.23 585.834 2547.9 14586.5 2960.45 5374.2 709.519 277.007 2865.71 730.285 741.873 3650.92 4195.17 12752.1 3198.84 1916.87 360.11 5425.25 4511.78 1198.02 542.802 504.578 6970.62 904.601 589.645 
4200.34 2647.22 2266.86 127.11 5042.4 387.561 5929.5 552.919 2545.73 1302.93 9320.53 2373.34 344.663 1801.14 1170.99 5268.94 647.727 1543.58 2648.44 1385.83 43.8378 6178.19 6257.67 2373.98 277.978 995.037 3993.17 499.698 1533.07 10831.5 2451.52 4948.63 615.508 210.396 1749.97 565.254 503.545 3267.05 3225.5 11052.3 2173.28 1353.3 240.319 4715.05 3803.33 946.33 382.423 469.064 6270.39 793.079 476.411 
3407.23 1869.16 1854.63 85.7984 4160.34 274.264 3944.84 309.237 1954.35 707.026 7257.95 1658.47 261.133 1328.82 766.386 1402.02 506.726 1025.05 2319.37 966.542 23.4596 5185.9 4275.1 1452.81 211.293 645.687 2511.41 344.448 1069.34 8213.38 1689.72 4053.46 478.925 124.067 1089.02 355.906 348.208 2083.34 2425.76 8138.53 1563.32 1005.8 180.42 3407.78 2855.74 684.223 243.938 391.712 5483.51 668.51 288.632 
