2.16226e+07 1.02056e+07 8.92105e+06 7.2474e+06 1.14936e+07 8.86263e+06 6.62796e+06 7.40094e+06 1.371e+07 4.51609e+06 1.14527e+07 7.5292e+06 1.28459e+07 5.87709e+06 1.30172e+07 1.01888e+07 1.32673e+07 7.49025e+06 4.4161e+06 5.1457e+06 8.60543e+06 3.32381e+06 1.03985e+07 1.27791e+07 7.10883e+06 1.36278e+07 1.14894e+07 8.10632e+06 1.641e+07 6.8509e+06 2.18579e+07 1.67355e+07 5.13614e+06 1.18666e+07 6.98383e+06 7.3655e+06 9.31935e+06 9.32914e+06 1.16914e+07 8.35561e+06 1.07901e+07 7.61442e+06 5.8624e+06 5.41032e+06 6.28191e+06 1.09659e+07 1.02108e+07 9.94721e+06 3.84412e+06 4.71411e+06 1.2664e+07 
3.49711e+06 2.11985e+06 2.314e+06 2.08797e+06 3.00442e+06 2.08565e+06 2.33901e+06 4.95912e+06 1.58188e+06 4.1004e+06 2.65648e+06 2.64548e+06 4.12911e+06 3.34436e+06 4.16674e+06 5.54021e+06 3.80833e+06 2.68101e+06 1.95783e+06 4.87667e+06 1.11955e+06 2.60479e+06 3.48791e+06 4.92421e+06 5.47689e+06 6.13117e+06 5.53279e+06 2.90546e+06 2.75384e+06 2.73229e+06 2.16619e+06 4.14787e+06 2.87163e+06 2.51751e+06 3.67566e+06 760782 3.99813e+06 4.43907e+06 4.20053e+06 3.38809e+06 4.2175e+06 3.28525e+06 4.19501e+06 5.41032e+06 2.12074e+06 2.53633e+06 2.23266e+06 2.20881e+06 3.84412e+06 2.90461e+06 1.51498e+06 
759689 1.11633e+06 1.37237e+06 794259 1.59917e+06 1.75154e+06 1.20269e+06 1.75734e+06 1.27437e+06 1.99585e+06 994685 1.41819e+06 467330 1.12251e+06 1.10201e+06 820362 1.62449e+06 707588 1.29514e+06 1.7732e+06 1.11955e+06 381651 1.20366e+06 1.17273e+06 808565 1.87194e+06 1.7674e+06 768499 1.19705e+06 779731 1.4698e+06 1.36709e+06 1.24296e+06 982318 314806 760782 694752 664955 932055 669922 512346 1.77985e+06 1.12736e+06 1.49649e+06 980523 1.01975e+06 903436 1.0806e+06 1.05867e+06 1.76731e+06 1.10264e+06 
187170 155392 216883 151824 222614 113255 306894 318432 182526 224166 167957 217919 128592 200859 373306 170487 93743 122570 229046 175072 209669 253308 192412 163389 194307 366983 188725 161765 208786 181207 317856 160499 87857.9 159253 165630 176527 160438 204594 121518 218076 207896 96199 172902 198627 159851 228086 356940 183346 98858.1 147933 183046 
5722.84 6331.85 4321.67 5263.07 4686.45 5945.75 5720.42 4568.26 4360.84 4243.65 4440.68 4869.89 6330.33 5679.31 5465.86 5583.32 5694.6 6193.53 4964.27 6366.99 5240.01 5032.72 5418 5535.9 5545.85 5621.47 4789.24 4973.58 5598.5 5032.3 4897.99 5667.94 5483.22 5207.85 5039.12 4590.3 5382.74 5023.32 5801.76 3325.31 4309.78 5688.75 4744.68 6546.3 4431.43 4951.01 4872.69 4114.69 4473.37 5298.85 5056.19 
1183.58 987.635 1204.18 1372.61 1014.7 1088.71 969.932 1166.25 1060.72 944.574 985.547 1218.96 925.671 935.985 870.372 1111.54 875.329 851.571 1043.14 1298.27 799.906 1165.64 1311.04 1135.86 1301.69 1232.15 1140.86 929.667 1176.76 916.196 953.809 1140.86 1255.58 1189.88 1128.16 1135.98 1038.75 1017.66 1129.22 1264.16 1198.34 1181.64 1174.9 1096.24 1104.11 919.607 967.951 1121.55 1146.94 1067.83 1085.62 
646.472 762.038 864.039 1092.39 652.852 842.3 359.96 1039.3 539.741 709.925 663.906 922.233 700.307 697.255 717.226 706.799 875.329 310.491 586.345 839.957 799.906 732.498 840.48 914.263 727.578 1111.33 791.005 828.429 724.723 860.285 748.761 765.589 814.074 1031.19 858.105 850.504 623.563 822.1 789.811 850.465 722.973 557.939 879.955 378.836 741.965 549.573 602.337 363.976 625.375 868.775 796.154 
376.648 446.241 622.054 764.75 361.254 476.252 273.375 738.093 458.305 463.341 509.156 507.947 320.114 347.968 342.399 512.664 552.539 299.72 260.523 412.506 577.857 630.683 556.449 613.983 553.862 545.006 559.049 569.438 489.292 705.244 410.344 456.782 579.927 713.977 413.35 536.371 470.863 436.425 519.985 445.346 521.925 467.348 460.698 378.836 477.13 320.11 290.842 317.393 460.805 619.331 474.585 
189.294 354.118 443.043 417.378 234.887 295.038 222.387 621.806 261.517 284.756 437.514 247.255 179.547 308.867 342.399 415.85 292.215 226.817 253.853 211.866 215.847 373.321 387.069 290.494 270.402 414.424 204.558 455.8 325.628 497.769 298.308 385.983 338.685 549.894 413.35 444.31 314.961 279.164 312.536 357.053 300.655 463.33 277.919 238.278 277.268 235.714 157.583 190.726 246.717 452.263 362.26 
136.561 338.385 408.712 369.608 174.347 282.163 115.254 501.248 199.447 225.036 357.095 223.438 176.74 168.058 229.03 330.781 181.491 191.468 152.834 149.622 192.115 344.095 333.222 148.94 245.532 335.892 122.643 293.339 239.522 416.175 259.788 297.742 302.968 408.118 302.742 352.808 276.579 183.451 209.316 267.977 206.329 345.353 232.386 178.718 192.724 172.585 126.031 188.566 187.425 353.201 291.575 
101.47 311.762 341.539 311.183 121.562 225.708 97.5442 449.55 124.868 144.04 323.028 164.128 171.273 154.804 163.316 289.971 153.464 155.711 139.668 113.733 181.428 245.574 298.239 148.093 198.584 291.112 98.3102 265.538 225.173 370.108 203.062 137.322 228.21 297.799 276.532 284.838 259.094 98.0744 207.169 232.44 175.935 300.649 149.536 158.634 155.481 155.147 84.8336 135.496 147.406 330.652 230.188 
68.5554 237.794 241.542 301.371 29.7146 204.746 59.6753 393.012 100.546 105.051 276.711 117.242 160.631 137.554 69.0602 258.239 118.309 114.755 24.1702 22.7668 166.669 170.968 270.539 126.54 198.01 273.901 73.2099 261.386 183.884 347.164 194.206 102.115 207.933 243.415 167.929 253.574 172.858 93.3815 156.211 213.263 138.572 244.128 117.522 130.494 132.012 123.105 45.3626 34.7349 90.9497 256.029 230.044 
8.69953 120.926 147.333 27.4407 27.1788 146.301 3.74388 173.822 8.49507 2.16385 134.024 9.32433 11.2685 16.8203 8.43555 129.027 27.9294 8.047 21.8957 22.2429 14.8148 21.6866 174.825 22.5543 6.30336 143.886 4.68218 147.936 8.84268 163.263 20.18 10.6865 14.3154 153.744 122.608 126.698 14.5474 8.51018 8.44618 47.8544 4.85618 14.7734 16.0471 8.03987 8.48811 9.23916 2.44359 33.1056 3.58405 140.615 142.013 
7.83608 120.13 145.789 20.7147 27.0566 146.212 2.47254 168.759 7.8013 1.0586 132.723 8.93913 7.86688 13.5666 7.67521 126.974 26.8414 3.57708 21.586 21.472 8.22712 21.1426 173.24 22.0553 3.22551 142.232 1.99914 146.361 7.87484 159.799 17.4435 4.3264 13.1923 152.634 120.189 125.906 13.239 7.60737 7.63251 46.4288 2.88937 11.5714 14.7802 7.94604 7.88171 7.79172 2.2848 32.7006 2.53605 140.398 140.679 
