108617 152975 116937 119019 181253 138237 107686 140354 100640 144529 118684 152916 163631 114136 132087 138539 86633.5 87433.7 127638 151344 114128 105122 162857 106118 126611 164482 139280 132002 158877 153562 148979 121221 145266 142859 156623 94434.5 110497 117528 123035 102859 157909 165558 129014 140295 116449 143502 131303 123128 133927 123629 141770 
99219 107521 81000.1 72988.1 73921.6 67976.3 89691 97512 96156.3 78666.6 101275 99735.1 107516 91686.5 78727.9 102282 85710.9 87433.7 109770 104341 94951.1 63576.8 121846 83878.8 80126.9 109213 116759 119094 110403 101036 71845.9 104448 81314.8 96400 88828.4 93320.9 105254 91810.9 115282 95699.2 86325 101666 125012 114491 99781.2 110768 114297 78664.6 88572.5 64537.6 69178.8 
66524.4 56839.2 70492.6 72988.1 66963.4 44353.9 67206.3 65120.1 60148.6 49410.6 71485.2 32682 52568.9 77954.5 55813.9 66491.9 64643.6 66944.6 63352.9 51311.3 54869 56889.6 90292.6 74106.3 62953.4 82998.4 56840 65839.2 60676.2 62121.6 67364.4 68169.3 68002.5 66927.7 59760.6 48274.2 59728.8 54368.8 71735.5 81248.6 84945.3 66421.2 66729.5 63708.9 73218.7 60698.2 68436.4 47571.7 60459.9 64537.6 69178.8 
19190.7 16878 16241.4 18469.3 17542.1 10905 18501.1 19002.2 15795 12774.8 14249.2 13942.9 18767.6 19129.7 13562.8 21166.9 19114.7 17433.1 18101.8 14384.2 12964.1 14560.8 23901.1 20896.6 17317.2 14730.5 17981.8 17243.5 17177.8 19986.6 15749.8 14604.9 18107 20034.9 14063 14802.7 20526.9 14877.2 17068.9 17090.5 13892.5 17364.7 17655.3 13657.1 14990.4 17227.1 15856.3 14203.7 14936.9 18002.3 16021.3 
477.48 454.362 443.341 466.09 329.196 323.682 481.171 533.486 349.529 423.557 387.913 423.123 443.635 460.226 323.734 455.366 440.364 429.26 470.939 315.679 465.38 273.962 517.574 441.675 524.914 535.221 356.336 390.953 429.874 222.603 491.115 353.006 333.33 451.287 419.637 284.104 327.654 436.47 407.244 487.766 367.376 280.685 314.605 432.893 319.136 388.202 435.336 407.979 283.782 320.715 391.472 
0.0324 0.0479886 0.0408163 0.0316514 0.0463286 0.0340902 0.0241649 0.0750182 0.0537675 0.0406938 0.0229882 0.025142 0.0376139 0.040191 0.0492423 0.0314278 0.0357732 0.0349074 0.0416291 0.0347177 0.0478574 0.0383374 0.0423494 0.0594261 0.0688688 0.0572064 0.0311582 0.0264493 0.0347872 0.0451972 0.0543091 0.0387063 0.0338891 0.0442973 0.04145 0.0256732 0.0385712 0.0300656 0.022696 0.0486721 0.0487484 0.0297698 0.0288853 0.0379736 0.0310275 0.0365191 0.0453014 0.0238363 0.0321918 0.0427642 0.0374244 
1.11169e-06 9.37498e-07 5.91274e-07 1.55753e-06 1.09239e-06 6.94372e-07 7.66187e-07 2.24147e-06 1.17936e-06 9.35607e-07 8.05131e-07 1.32816e-06 9.64181e-07 9.18973e-07 1.24396e-06 1.64111e-06 1.40134e-06 7.52092e-07 9.06201e-07 1.13559e-06 1.47016e-06 1.82396e-06 1.21395e-06 1.52543e-06 1.50759e-06 1.79943e-06 1.0243e-06 1.2256e-06 1.2779e-06 1.08427e-06 1.01716e-06 9.35233e-07 8.96246e-07 1.31934e-06 8.26161e-07 6.37179e-07 1.4931e-06 1.18343e-06 6.5517e-07 1.23253e-06 1.08414e-06 6.37743e-07 1.284e-06 6.99958e-07 7.27895e-07 1.0836e-06 1.88981e-06 4.38244e-07 1.09442e-06 1.40251e-06 9.23093e-07 
0 0 0 0 0 0 0 0 0 0 0 0 0 0 0 0 0 0 0 0 0 0 0 0 0 0 0 0 0 0 0 0 0 0 0 0 0 0 0 0 0 0 0 0 0 0 0 0 0 0 0 
0 0 0 0 0 0 0 0 0 0 0 0 0 0 0 0 0 0 0 0 0 0 0 0 0 0 0 0 0 0 0 0 0 0 0 0 0 0 0 0 0 0 0 0 0 0 0 0 0 0 0 
0 0 0 0 0 0 0 0 0 0 0 0 0 0 0 0 0 0 0 0 0 0 0 0 0 0 0 0 0 0 0 0 0 0 0 0 0 0 0 0 0 0 0 0 0 0 0 0 0 0 0 
0 0 0 0 0 0 0 0 0 0 0 0 0 0 0 0 0 0 0 0 0 0 0 0 0 0 0 0 0 0 0 0 0 0 0 0 0 0 0 0 0 0 0 0 0 0 0 0 0 0 0 
0 0 0 0 0 0 0 0 0 0 0 0 0 0 0 0 0 0 0 0 0 0 0 0 0 0 0 0 0 0 0 0 0 0 0 0 0 0 0 0 0 0 0 0 0 0 0 0 0 0 0 
0 0 0 0 0 0 0 0 0 0 0 0 0 0 0 0 0 0 0 0 0 0 0 0 0 0 0 0 0 0 0 0 0 0 0 0 0 0 0 0 0 0 0 0 0 0 0 0 0 0 0 
0 0 0 0 0 0 0 0 0 0 0 0 0 0 0 0 0 0 0 0 0 0 0 0 0 0 0 0 0 0 0 0 0 0 0 0 0 0 0 0 0 0 0 0 0 0 0 0 0 0 0 
