32573 32274.4 32341 32124.9 30504.1 32178.9 32367.2 31891.2 31617.8 32210.2 32450.6 32254.6 32167.2 31629.6 32125.8 31854.2 31421.1 31518.7 32354.4 32324.5 31407 31193.3 31207.3 31655.1 31992.7 32038.3 32065.5 30656.7 31794.2 31674.7 32258.7 32100.6 32446.4 31447.9 32599.3 32068.2 31859.3 30658.4 31360 32090.9 30179.4 32315.7 32698.1 32150.3 31078.1 31992 31781.9 31875.8 31355.4 30706.5 32448.7 
31455.4 31181.6 31817.9 31330.4 30504.1 30757.3 31734.6 30380.5 31154.8 31357.6 31249.6 31550.6 31868.8 30771.4 31206.6 31213.3 31246.8 31518.7 30978.5 31316.5 31407 31025 30136 31655.1 31085.1 32038.3 31056.1 30656.7 31771.2 31674.7 31454.1 31753.7 32169.1 30931.5 31203.9 31165.2 31154.8 30658.4 31237 31788.1 30179.4 32152.9 31209.1 30351 30900 31116.4 30943.1 31431.4 31355.4 30706.5 31187.7 
31455.4 30488.9 30799.3 31282.7 30504.1 30757.3 31302.2 30380.5 30506.2 31283.9 31249.6 29582.2 30784 30771.4 31206.6 31213.3 30136.6 31195.1 30978.5 31316.5 31171.7 31025 30136 30397.4 30479.7 31380.7 31056.1 30514.2 31771.2 31224.7 31454.1 31092.5 30472 30437.8 31203.9 30751.1 31137.8 30658.4 30895.8 30206.4 30179.4 30883.7 30822.1 30279.2 30900 31116.4 30943.1 30923.9 31355.4 30706.5 30509.5 
30044.9 30488.9 30581.7 29880.4 30018.1 30397.2 30694.4 30049.6 30310.2 30380.7 30136.2 29582.2 29703.2 30336.5 30863.9 30415.3 30136.6 30931 30496.3 30909.8 31084 30070.6 30040.5 30397.4 30344.2 31380.7 30849.7 30514.2 30679.5 31123.9 30250.6 29906.4 30472 29869.5 30196.7 30275.7 30922.8 30636.6 29782.7 28769.1 29090.4 30866.4 30212.5 30279.2 30309.6 30782.5 30882.3 30876.9 30681.1 30527.2 30509.5 
29976.1 28839.7 28404.1 29607 29487.8 29079.2 29257.2 29258.5 29749.7 28820.6 29901.2 29349.6 29067.3 28590.1 29213.4 29962.8 29239.5 29250.8 30060.3 30087 29586.5 29189.4 29752 30204.8 29506.7 29409 30078 29929.7 30365.4 28804.4 28366.3 29905.8 29563.4 29837.9 29635.7 29333.4 29413.5 30036.8 29729.2 28769.1 29090.4 30116.3 30116 29204.6 30309.6 29658 29623.7 29580.4 29368.8 29860.9 28457.3 
28672.3 27891.4 26830.1 28478.1 29251.5 27722.7 28100 28657.6 28850.8 27384.4 27198.5 26640.7 27235.4 27501.6 28071.1 28778.8 27672.5 27867.2 28117.5 28151 26973.9 28423 27242.1 27638.8 28682.2 28560.2 27501.4 28695 28229.3 28658.1 27266.3 28191.7 28276.5 27717.7 28470.1 28013.9 29070.2 28713.6 28577 27394.4 28058.4 28751.5 27199.1 28342.3 28225.8 27530.1 28555.2 27830.1 28380 27947.1 27698.6 
26667.8 26570.6 26639.7 26727.6 26414.1 27270.5 26944.6 26345.7 27084 25900.4 27198.5 26364.1 26275.7 27065.1 26741.8 26626.8 26711 26866.6 27247.2 26348.2 26973.9 27665.4 26503 26947 26653.7 26916.1 26951.8 26280.6 27229.8 26640.8 27000.5 27222.5 27047.9 26552.1 26838.9 27266 27650.7 25949.9 26721.3 26411 26871.3 27256 26955.9 27297.1 26367.2 25888.1 27416.1 27022.8 26321.3 27395.2 26312.2 
24959.5 25073.1 24660.5 24213.8 25663.3 25645.7 25951.9 24779 24554.5 24970.2 25344.7 25858.5 25361.6 26056.4 25508.3 25222.7 25632.2 25868.4 24735.2 25623.9 24933.5 25502.3 24400.4 25659 24048.8 24487.2 25780.8 25358.2 25934.4 25426.6 24952.8 25214.2 24949 24583.2 24925.4 25510.2 25693.1 25546.1 25399.5 25432.7 24672.7 25734.9 24945.3 25052.8 25653 25063.7 25570.1 24614.8 24886.1 25244.3 25358.6 
24294.8 24307 24610.3 24197.9 23823.7 24796 23561.7 24365.1 24276.1 24286.2 22772.4 23335.2 23899.4 25125.8 23881.9 24687.5 23971 23711.3 24317.5 24727.4 23836.2 24565.7 23560.7 23946.1 23929.1 24169.4 24280.1 23959.4 24901.6 23706.8 24177.9 24461.2 23823.2 23212.8 24652.1 24165.8 24578.8 23348.3 24079.8 24583.5 23584.9 23861.9 23699.8 23736.9 24657 23198.3 24825.9 24349.4 24069.2 24488.9 24349.4 
20683 19856.1 20670.7 20696.6 20473.4 20477 20095.4 19755.9 19857.8 20042.2 20150.4 20073.5 20541.8 20917 19563.6 20499.1 20643.1 20351.2 20725.4 20840.2 20850 20422.1 20056 19706.5 20019.5 19812.8 20719.6 20710.9 20710.4 20671.9 20836.2 20875.3 20158.3 19712.6 20413.9 20390.2 20624.3 20121.9 20110 20390.2 20004.8 19369.5 21014.1 19978.6 20004.5 20455.6 20195.4 20460.8 20196.9 20562.6 20610.6 
17191.8 16252.8 16196.9 16346.6 16639.7 16165.5 17242 15670 16395.9 16506.7 16779.6 16261.2 16451.6 16374.5 17322.2 17245.3 16488.1 15764.3 16561.8 16827 16978 16111.5 16386.2 16260.9 16888.8 16585.7 16082.6 15451.8 16227.3 15865.7 16508.5 17029.1 15852.8 16740.3 16451.4 16732.3 15672.1 15940.7 16195.2 16868.4 16611.9 16681.8 16587.5 16718.2 16416.5 16396.2 16599.1 15907.8 17039.1 16831.6 16600 
11110.6 12174.8 13014 10445.5 12263 11686.6 12629.7 10722.5 12138.4 12684.3 12910.1 11997.9 12059.8 9987.92 12254 13126.4 11807.6 10677.8 12504 12379.8 12207.9 11953.3 11954.2 12770.1 12536.4 11745 13414.6 13143.3 12127.3 12749.1 12564.2 12166.9 11801 11777.7 11158.8 11787.9 12167.9 12506.9 10545.6 12286.7 11502 11895.7 12343.2 12191.9 11966.9 11211.1 11370.5 11807.7 11768.6 11682.6 12569 
3215.71 3502.78 3533.58 3699.35 4424.92 3546.43 4781.6 3271.78 4103.26 4520.71 4072.05 3756.43 3844.19 3529.65 4449.03 5275.43 3907.42 3884.85 4764.56 3712.34 3479.13 4219.33 3674.7 3635.66 4690.52 4261.35 3795.53 4222.19 4314.56 4713.87 4478.86 3921.88 4208.77 4398.25 3440.59 4473.31 4040.91 5039.67 3601.82 4427.05 3494.27 4467.19 4145.41 4285.28 3786.93 3530.44 3566.81 4406.81 3682.09 3970.48 4580.48 
6.32867 7.97445 7.31997 6.88513 11.496 10.2514 15.0776 8.44813 10.0726 17.3808 11.1616 16.151 6.86971 7.17813 13.8913 17.1676 7.54371 5.37943 12.1788 8.69404 14.1723 6.42354 10.2114 7.29161 11.9974 7.14125 9.04607 15.7427 6.62232 10.459 16.2591 9.59898 11.7189 11.979 5.96853 15.3927 8.79191 8.85722 11.3436 13.051 10.0448 11.5366 13.9585 11.6074 7.56756 9.30319 7.40628 11.8134 13.1884 7.64197 11.0138 
