10258.6 8484.61 12614.7 10938.8 12170.2 9193.69 15340 9907.48 13715.7 11072.4 11994.3 15064.4 9525.7 9430.66 10239.1 9355.87 13779.1 8268.58 12041.6 8685.31 12180.7 13356 10757.1 13055.6 12397.2 10321.4 11339.5 10001.3 11330.7 11068.6 10405.6 11217.9 9214.54 10857.8 10946.2 8845.65 10474.4 7302.71 9500.26 10110 7244.85 10872.2 9948.06 11231.6 10898.7 10029.1 10135.7 9746.55 12801.6 9589.01 10014.8 
4985.46 6453.57 7106.26 6605.62 6713.15 5907.32 6624.77 7030.84 6553.31 6743.88 6578.79 6615.09 6432.21 6569.7 6525.07 7241.96 6087.05 6987.59 6279.63 6782.98 6924.76 6877.16 5683.82 6466.33 6862.14 6951.14 6700.23 6679.68 6009.83 5686.18 6215.21 6670.72 6060.04 6531.95 7092.32 6051.39 7220.51 6670.6 6520.51 5936.69 6673.11 6583.81 6372.97 6838.03 7053.28 7081.32 6174.18 7080.53 6148.71 6313.74 6466.94 
4985.46 5372.05 5831.33 5345.33 5746.36 5907.32 5830.09 5831.56 5546.75 5504.18 4721.46 6009.39 5609.46 5865.61 5447.08 5838.22 5436.78 5725.53 5684.73 4486.87 5387.96 5681.98 5644.94 5843.71 5455.07 5759.44 5530.28 5282.26 4977.22 5517.78 5666.18 5216.33 5824.89 4783.64 5138.65 5762.35 5612.46 5329.68 5977.11 4688.65 5509.75 5294.79 5579.44 5251.47 5753.39 5775.2 5433.82 5367.35 5660.85 5807.9 5795.45 
4837.64 4454.52 5080.83 5315.77 4913.73 4994.34 5092.11 4890.64 4775.14 4912.71 4721.46 5014.16 4321.28 5314.26 5008.63 4877.25 4696.85 4962.23 5104.78 4486.87 4887.44 5173.37 5051.55 5026.28 4840.03 4660.39 4886.7 4226.28 4892.44 4740.64 4971.68 4094.57 5213.55 4373.91 4623.4 4640.46 4888.5 5019.73 5116.53 4688.65 4774.84 5202.96 4634.65 4491.88 4860.75 4640.03 5245.9 4262.72 5013.92 4706.51 4783.52 
4602.59 4123.71 4722.44 4805.47 4254.81 4315.04 4750.99 4678.35 4608.34 4377.24 4380.56 4247.03 3814.21 4542.68 4437.37 4831.87 4451.2 4730.41 4725.72 4022.7 4636.67 4605.05 4482.61 4233.06 4634.91 4660.39 4479.92 4093.19 4741.57 4469.42 4480.23 4094.57 4502.81 4373.91 4206.85 4450.05 4817.04 4605.84 4043.91 4170.07 4774.84 4688.53 4547.15 4491.88 4454.51 4257.8 4840.17 4003.16 4465.64 4581.68 4424.89 
4119.04 4123.71 4507.46 4403.86 3867.86 4315.04 4266.19 4361.94 3729.31 4135.89 4380.56 4247.03 3814.21 4334.25 4391.14 4046.01 4156.77 4284.71 4245.72 3652.59 3666.15 4198.37 4299.94 4103.59 4444.9 3958.25 4293.94 3694.43 4495.98 3937.87 4449.6 3842.52 4179.08 4252.61 4108.08 4259.78 4209.76 4106.23 4041.19 3989.45 4448.29 4033.3 4486.1 3776.95 4191.82 4257.8 4229.58 4003.16 4203.76 4504.34 4323.7 
4119.04 4123.71 4149.08 3451.75 3867.86 4315.04 4137.08 3478.37 3695.13 4023.1 4221.67 3563.22 3814.21 4334.25 4148.98 4046.01 4062.07 3927.72 4188.09 3652.59 3666.15 3890.39 4040.1 4103.59 4129.28 3879.58 3960.74 3694.43 4002.34 3937.87 4174.4 3788.63 4170.59 3363.15 4108.08 4148.98 3762.36 3982.54 4008.72 3672.37 4300.32 3823.67 4072.16 3776.95 3448.71 3899.34 3891.38 3834.82 4184.16 3945.45 4323.7 
3760.49 3567.49 3935.55 3451.75 3631.38 3572.55 3614 3121.97 3034.82 3595.11 3561.61 3546.23 3795.11 3560.67 3624.51 3213.03 3869.28 3609.12 3446.64 3652.59 3570.99 3493.19 3839.93 3516.75 3137.3 3442.66 3501.91 3650.36 3324.71 3557.27 3567.21 3567.78 3426.15 3363.15 4034.96 3664.19 3700.1 3382.95 3752.48 3395.32 3729.65 3725.59 3326.42 3725.69 3448.71 3891.07 3442.57 3567.32 3744.61 3554.82 3992.24 
3119.08 2863.5 3361.2 2940.95 3146.69 2892.16 3037.13 2984.16 2585 3349.17 3064.06 2931.56 2719.02 3093.79 3152.78 2746.64 3078.45 3152.81 3154.41 2916.57 3229.07 2802.27 3243.09 3367.1 2747.37 3270.16 2623.78 3147.16 2981.01 3133.14 2499.26 2877.76 3101.05 2947.9 3105.05 3168.78 3383.8 3076.62 3210.44 3094.62 3381.26 3250.96 2790.78 3332.18 3229.04 3022.43 2770.14 3021.93 3112.35 3358.15 3352.09 
2963.07 2684.19 2791.54 2729.91 2617.77 2628.49 2471.96 2713.16 2002.95 2832.26 2485.71 2880.72 2635.31 2560.74 2474.06 2622.75 2796.76 2761.94 2961.61 2421.44 2596.58 2471.77 2624.31 2006.09 2587.21 2276.34 2604.22 2737.69 2622.42 2457.56 2396.7 2610.7 2278.22 2550.52 3002.51 2823.8 3195.92 2769.73 2840.87 2739.44 2492.53 2551.48 2568.95 2811.92 2703.87 2715.93 2559.16 2524.37 2677.91 2821.76 3035.49 
2502.88 2226.03 2241.26 2219.47 2502.25 2203.75 2076.51 2347.47 1954.47 2675.5 2117 2649.08 2194.52 2496.47 2015.89 2409.21 2451.77 2530.34 2607.3 2366.39 1915.53 2262.23 2551.91 1873.23 2296.58 2135.22 2262.18 2326.4 2119.03 2378.75 2307.8 2211.51 1948.66 2229.19 2458.87 2385.46 2817.44 2596.58 2557.46 2483.92 2373.46 2181.66 2410.58 2179.35 2408.35 2225.55 2307.47 2220.93 2320.99 2356.45 2479.45 
2213.2 2167.09 2135.25 2084.55 2398.01 2089.68 1945.99 2186.37 1835.98 2535.32 1901.6 2384.82 2134.69 1967.85 1959.2 2315.17 2039.33 2352.77 2191.7 2320.56 1881.43 2037.33 1739.49 1573.04 2284.75 2112.72 1836.95 2157.78 2105.47 2201.86 2087.43 2008.33 1886.06 1711.32 2120.62 2278.54 2359.27 1886.17 2188.85 2374.3 2097.99 2073.54 2261.16 2091.29 2087.99 2210.19 2112.87 2066.08 2068.84 2309.81 2328.84 
1946.22 2141.34 1959.05 1839.44 2198.25 1764.87 1717.67 2060.65 1424.35 2048.2 1889.45 2253.32 2031.09 1818.29 1801.59 2097.23 1896.81 1984.18 2091.17 2095.44 1658.72 1997.34 1718.69 1496.83 2144.04 1857.65 1603.91 2133.12 2040.62 1889.96 1783.51 1674.46 1805.74 1364.56 2022.03 1904.16 2220.41 1705.47 2085.13 2068.58 1872.91 1925.44 1814.07 1990.76 2010.05 2134.65 1839.62 1908.28 2040.65 1988.85 1820.52 
1092.36 1058.94 1121.35 956.614 1316.46 764.523 866.511 1222.51 878.072 1110.76 1272.9 1040.91 930.553 846.669 922.12 962.462 819.997 1263.6 980.691 1109.44 1042.36 974.253 1092.35 1171.37 952.633 932.755 1153.27 1163.25 1197.49 872.621 866.959 718.27 1186.29 639.158 1186.12 1269.19 864.717 897.508 1324.74 1254.68 1204.02 1239.72 637.233 1072.35 946.391 1038.51 966.533 1107.86 828.141 1358.16 1140.15 
