0.189358
0.111418
0.106901
0.114599
0.136195
0.150182
0.155388
0.158251
0.156166
0.1564
0.155279
0.154229
0.155285
0.154882
0.152105
0.152036
0.149191
0.146588
0.145292
0.143174
0.140573
0.13722
0.134413
0.133844
0.131718
0.129315
0.127076
0.124702
0.123051
0.118654
0.118185
0.117728
0.11447
0.110771
0.107567
0.106343
0.10473
0.101553
0.09992
0.0993981
0.0969388
0.0952822
0.0920165
0.0899622
0.0886537
0.0881897
0.0877261
0.0881215
0.087621
0.0878013
0.0862017
0.0837428
0.0806117
0.0775234
0.075079
0.0725429
0.0699489
0.0677325
0.0655454
0.0628648
0.0599986
0.0575669
0.0554078
0.0528747
0.0506699
0.0482274
0.0465767
0.0445339
0.0425142
0.040852
0.039252
0.0373896
0.0355318
0.0336576
0.0318807
0.030076
0.0284373
0.0265601
0.0248014
0.022931
0.021022
0.0190335
0.0170831
0.0153631
0.0136899
0.0119159
0.0101061
0.00823541
0.00634165
0.00437571
0.00211276
2.01356e-06
9.35061e-09
6.52688e-10
1.88944e-10
7.44065e-11
1.24011e-11
1.24011e-11
0
4.96044e-11
2.48022e-11
